Protein.ID	protein.length	aa.synthesis.average.cost_Akashi	aa.synthesis.average.cost_Wagner
O05161	112	24.83	26.88
O05347	289	22.38	24.36
O06865	486	21.56	24.11
O06866	194	23.42	25.05
O07345	677	21.15	22.58
O32463	323	22.7	24.86
O33698	295	21.21	23.56
O33699	271	23.48	25.21
O33700	157	21.91	23.25
O33701	307	20.75	22.75
O34125	240	21.98	23.89
O34126	449	22.41	24.2
O34209	895	21.71	23.24
O50208	310	24.48	25.95
O50209	169	21.78	24.17
O68523	228	23.18	25.23
O68867	453	24.05	27.15
O85785	393	20.51	22.6
O85786	263	21.89	24.24
P04996	360	25.37	28.14
P04997	360	25.15	27.94
P06539	173	21.09	23.92
P0A2Z8	137	21.13	23.05
P0A3D2	99	20.93	23.86
P0A3F4	112	22.67	25.06
P0A4H0	439	23.35	26.58
P10340	170	22.96	25.94
P11004	461	25	27.88
P11005	352	26.22	29.09
P11472	277	21.64	24.53
P12243	107	22.64	25.09
P12608	356	21.47	23.07
P13530	163	21.92	25.17
P14788	344	22.98	24.7
P15347	342	25.04	28.21
P16891	354	23.38	25.36
P16954	774	25.66	27.48
P18655	201	24.15	27.05
P21577	471	22.61	25.13
P22879	544	21.08	23.47
P22880	103	20.87	23.87
P25935	111	21.08	23.97
P26294	474	23.82	26.1
P27134	272	23.02	24.82
P27366	350	22.5	24.78
P27367	278	25.43	29.01
P27368	81	23.29	25.4
P27369	206	22.97	24.42
P27370	286	23.65	27.04
P27477	320	23.14	25.62
P29283	222	23.57	26.08
P29686	511	23.68	25.53
P29801	521	23.48	27.28
P29820	145	22.58	24.53
P30008	624	23.29	25.22
P30331	56	21.15	23.3
P30340	122	22.16	23.95
P31094	508	25.14	27.72
P31160	147	21.35	23.67
P32084	114	23.16	25.09
P33171	409	22.22	24.28
P34185	883	22.32	24.04
P35086	134	22.35	24.11
P35087	59	24.14	25.49
P35088	191	21.38	23.76
P37269	308	24.25	25.95
P37278	926	22.17	24.55
P37279	747	22.17	24.46
P37371	70	21.58	22.98
P37372	208	24.76	27.3
P37385	790	21.95	24.17
P38023	399	22.53	24.23
P38043	443	23.11	25.76
P38044	279	24.83	28.38
P38045	659	22.64	24.65
P38046	274	22.71	24.44
P39458	729	23.21	25.09
P39660	450	23.33	25.88
P39661	512	22.82	24.75
P39663	257	22.99	25.08
P39664	413	22.52	24.15
P39665	337	22.28	25.14
P42079	624	23.44	25.13
P42451	243	22.72	24.67
P42452	264	21.62	23.38
P42460	403	22.45	24.14
P43087	326	22.72	25.09
P46204	161	20.6	22.58
P46205	276	20.89	22.72
P50020	655	21.19	23.35
P50021	634	20.78	23.25
P50022	749	21.93	23.35
P50026	287	21.53	23.07
P50590	149	23.71	25.57
P52023	375	21.07	23.35
P52691	294	22.28	24.05
P52693	309	22.84	24.56
P53533	874	22.47	24.36
P54207	286	23.05	26.09
P54208	466	23.2	25.14
P54415	197	22.45	24.7
P55020	125	22.78	25.22
P63200	124	23.17	24.62
P72546	213	24.08	25.3
P72547	467	25.37	28.52
P72549	293	25.55	28.17
P72557	235	23.64	25.53
P72559	207	23.07	24.66
P72560	438	22.4	24.27
P72562	160	20.91	22.55
P74764	810	22.4	24.15
P74893	694	22.94	24.52
P95822	166	22.82	25.73
P95823	38	24.28	28.38
P95836	478	22.11	24.08
P95837	301	22.39	24.39
Q03511	102	22.13	24.09
Q03512	99	22.23	24
Q03513	539	21.26	22.67
Q06904	387	22.66	24.39
Q07948	160	23.03	25.62
Q31JS8	131	25.57	28.18
Q31JT6	330	22.31	24.48
Q31JT7	41	23.03	24.82
Q31JU1	76	21.67	22.79
Q31JU4	459	23.56	26.16
Q31JU8	183	22.82	25.3
Q31JV0	83	22.21	23.1
Q31JX7	366	22.35	24.62
Q31JX8	254	22.32	23.89
Q31JX9	265	21.85	24.02
Q31JY0	176	21.39	24.37
Q31JY1	106	20.9	22.07
Q31JY2	265	23.78	25.58
Q31JY3	604	23.88	25.8
Q31JY4	218	23.17	25.66
Q31JY5	195	26.27	29.47
Q31JY6	541	26.51	29.79
Q31JY7	315	23.24	25.55
Q31JY8	304	24.62	27.33
Q31JY9	318	24.08	27.06
Q31JZ0	117	22.89	25.41
Q31JZ1	358	24.41	26.06
Q31JZ2	159	23.81	25.58
Q31JZ3	353	22.19	24.21
Q31JZ4	476	22.33	24.28
Q31JZ5	203	20.59	22.2
Q31JZ6	178	22.56	24.14
Q31JZ7	202	21.76	24.24
Q31JZ8	222	21.48	23.57
Q31JZ9	171	21.26	23.74
Q31K00	261	22.1	23.95
Q31K01	506	23.56	25.55
Q31K02	175	24.23	25.85
Q31K03	145	24.68	27.48
Q31K04	171	22.37	24.28
Q31K05	254	22.29	24.45
Q31K06	210	23.23	25.22
Q31K07	273	22.77	25
Q31K08	122	22.62	24.22
Q31K13	504	23.21	26.11
Q31K14	313	21.68	23.75
Q31K15	251	22.77	24.35
Q31K16	276	24.01	27.77
Q31K17	105	24.99	26.85
Q31K18	625	22.46	24.43
Q31K19	402	22.62	24.89
Q31K20	240	21.26	23.27
Q31K21	157	22.73	24.62
Q31K23	365	22.59	24.91
Q31K28	278	28.39	31.06
Q31K29	186	25.44	27.31
Q31K30	152	21.98	23.92
Q31K31	388	21.54	23.36
Q31K32	238	22.73	24.2
Q31K33	184	22.95	24.96
Q31K34	476	23.82	25.64
Q31K35	152	23.35	25.19
Q31K36	112	21.83	23.25
Q31K37	242	21.64	23.46
Q31K38	770	22.97	24.48
Q31K39	357	23.22	24.83
Q31K40	84	22.17	24
Q31K41	202	21.47	23.4
Q31K42	106	21.52	23.1
Q31K43	239	23.88	25.02
Q31K44	392	22.27	24.65
Q31K45	129	23.09	24.74
Q31K46	235	22.18	23.86
Q31K47	115	21.99	24.66
Q31K48	120	22.92	24.69
Q31K49	153	25.14	26.91
Q31K50	181	22.49	24.65
Q31K53	177	22.73	23.4
Q31K54	1099	23.25	25.38
Q31K55	421	23.63	26.14
Q31K56	126	23.83	26.65
Q31K57	299	24.16	25.75
Q31K58	221	21.63	23.55
Q31K59	251	23.24	25.02
Q31K60	94	23.38	24.62
Q31K61	228	21.87	23.33
Q31K62	280	22.59	24.46
Q31K66	85	26.29	27.71
Q31K69	236	23.7	25.7
Q31K70	901	24.08	26.62
Q31K72	232	22.3	23.27
Q31K73	79	21.88	22.54
Q31K74	755	22.56	24.18
Q31K76	294	21.03	23.16
Q31K80	217	24.82	26.9
Q31K82	86	23.59	25.06
Q31K85	134	23.31	24.75
Q31K87	437	22.51	24.12
Q31K89	206	23.72	26.57
Q31K97	237	21.84	23.82
Q31KA0	91	24.52	26.21
Q31KA1	202	20.69	22.97
Q31KA6	494	21.66	24.13
Q31KB0	188	21.28	23.44
Q31KB3	111	24.88	28.32
Q31KB7	518	20.72	22.25
Q31KB9	255	22.86	25.89
Q31KC0	256	22.62	24.7
Q31KC2	288	21.76	24.12
Q31KC3	235	22.44	24.28
Q31KC4	83	26.14	27.55
Q31KC5	232	21	22.57
Q31KC6	417	21.86	24.03
Q31KC7	426	22.6	24.71
Q31KC8	477	22.99	25.38
Q31KC9	424	24.14	26.52
Q31KD0	362	23.61	25.96
Q31KD1	724	24.08	26.34
Q31KD2	292	24.73	26.54
Q31KD3	316	20.6	22.39
Q31KD4	210	22.31	24.16
Q31KD5	424	24.19	27.07
Q31KD6	359	22.3	24.71
Q31KD7	238	20.95	23.45
Q31KD8	264	20.33	22.34
Q31KD9	771	20.45	22.64
Q31KE0	211	23.08	25.4
Q31KE1	535	21.78	23.37
Q31KE2	73	22.55	23.58
Q31KE3	277	22.62	24.49
Q31KE5	337	21.25	24.06
Q31KE6	310	24.01	27.42
Q31KE7	303	23.66	26.68
Q31KE8	264	22.72	25.12
Q31KE9	716	21.72	23.75
Q31KF0	331	26.75	29.22
Q31KF1	477	19.89	21.25
Q31KF2	954	23.68	25.7
Q31KF3	198	24.39	26.64
Q31KF4	206	22.57	24.37
Q31KF5	172	22.1	24.38
Q31KF6	306	24.65	26.47
Q31KF7	202	23.69	25.61
Q31KF8	1269	25.44	28.6
Q31KF9	381	22.98	24.77
Q31KG0	216	22.68	25.37
Q31KG1	148	21.67	23.87
Q31KG2	280	22.89	24.52
Q31KG3	37	24.25	28.45
Q31KG4	320	23.98	26.52
Q31KG5	267	25.47	28.92
Q31KG6	635	22.51	24.22
Q31KG7	288	20.41	22.12
Q31KG8	305	24.19	27.55
Q31KH0	174	23.65	25.23
Q31KH2	421	22.54	24.59
Q31KH3	255	22.35	24.42
Q31KH4	504	22.79	24.71
Q31KH5	351	23.8	25.62
Q31KH6	82	20.86	23.15
Q31KH7	270	22.81	24.95
Q31KH8	94	24.74	28.1
Q31KH9	344	24.17	26.04
Q31KI0	444	22.63	24.83
Q31KI1	128	21.86	23.84
Q31KI2	259	22.88	24.75
Q31KI3	379	22.6	24.52
Q31KI4	84	21.83	23.61
Q31KI5	246	22.59	23.91
Q31KI6	94	20.61	22.63
Q31KI7	376	22.47	24.17
Q31KI8	163	22.57	24.1
Q31KI9	385	23.08	25.04
Q31KJ0	392	24.09	25.71
Q31KJ1	149	22.2	23.97
Q31KJ2	175	22.04	23.46
Q31KJ3	183	23.08	25.12
Q31KJ4	83	25.99	27.03
Q31KJ7	486	24.17	26.59
Q31KJ8	206	22.19	24.72
Q31KJ9	1229	21.56	23.44
Q31KK0	266	22.94	23.83
Q31KK1	389	24.29	26.85
Q31KK2	671	23.77	25.76
Q31KK3	367	22.23	23.94
Q31KK4	340	22.7	24.42
Q31KK5	1196	22.52	24.44
Q31KK6	383	22.37	25.19
Q31KK7	396	23.06	24.82
Q31KK8	268	21.88	23.56
Q31KK9	142	19.09	20.63
Q31KL2	282	23.4	24.43
Q31KL3	136	24.26	26.93
Q31KL4	347	22.5	24.76
Q31KL5	452	22.21	23.59
Q31KL6	344	22.4	24.65
Q31KL7	349	21.4	23.41
Q31KL8	264	22.1	24.24
Q31KL9	69	26.07	29.25
Q31KM0	1056	22.93	25.97
Q31KM1	376	21.42	23.39
Q31KM2	167	22.1	24.02
Q31KM3	92	23.42	24.58
Q31KM4	556	23.66	25.54
Q31KM5	201	23.73	24.97
Q31KM6	123	22.18	24.65
Q31KM7	323	21.94	24.51
Q31KM8	289	22.72	24.24
Q31KM9	344	21.84	23.19
Q31KN0	460	22.36	25.92
Q31KN1	276	23.21	24.93
Q31KN2	481	23.19	25.05
Q31KN3	208	23.88	25.75
Q31KN4	107	23.25	24.06
Q31KN5	174	21.89	24.05
Q31KN6	233	23.46	25.22
Q31KN7	207	22.42	24.62
Q31KN8	402	22.3	23.84
Q31KN9	233	22.75	24.27
Q31KP0	397	22.56	24.23
Q31KP1	359	23.44	25.26
Q31KP2	358	23.04	24.85
Q31KP3	261	23.02	24.94
Q31KP5	316	19.87	21.07
Q31KP9	453	22.71	24.55
Q31KQ0	344	21.33	23.2
Q31KQ1	305	21.36	22.83
Q31KQ2	317	21.69	23.24
Q31KQ3	57	23.22	24.17
Q31KQ9	407	21.84	24.13
Q31KR0	424	24.06	25.61
Q31KR1	363	23.01	24.59
Q31KR2	157	25.39	29.34
Q31KR3	250	21.66	23.64
Q31KR4	255	21.57	23.44
Q31KR6	87	22.38	24.42
Q31KR7	96	21.61	22.53
Q31KR8	173	23.48	25.62
Q31KR9	95	23.41	24.62
Q31KS4	484	21.87	24.28
Q31KS7	357	22.44	24.57
Q31KS8	259	22.22	24.26
Q31KS9	489	22.26	24.24
Q31KT1	372	22.63	24.92
Q31KT2	336	23.97	26.23
Q31KT3	195	23.24	25.31
Q31KT5	305	23.07	24.84
Q31KT6	278	21.36	23.22
Q31KT7	118	22.6	23.98
Q31KT8	90	20.72	23.26
Q31KT9	164	22.54	24.39
Q31KU0	89	23.17	24.97
Q31KU1	207	21.87	24.12
Q31KU2	397	22.41	24.73
Q31KU3	434	23.19	25.4
Q31KU4	367	22.65	24.35
Q31KU5	278	24.92	26.79
Q31KU6	149	22.85	24.01
Q31KU7	754	25.09	28.2
Q31KU8	323	21.3	23.56
Q31KU9	244	22.58	24.35
Q31KV0	284	22.01	24.35
Q31KV1	178	23.31	25.16
Q31KV2	324	23.78	25.56
Q31KV3	361	23.52	25.02
Q31KV4	359	21.47	23.68
Q31KV5	303	23.52	24.97
Q31KV6	247	22.58	25.84
Q31KV7	637	22.48	24.08
Q31KV8	318	22.49	23.26
Q31KV9	310	20.86	22.43
Q31KW0	470	24.7	28.24
Q31KW1	715	23.89	25.8
Q31KW2	102	23.26	25.29
Q31KW3	150	21.84	23.84
Q31KW4	94	22.3	24.32
Q31KW6	255	24.9	25.46
Q31KW7	176	22.09	23.67
Q31KW8	183	23.29	24.81
Q31KW9	344	22.52	24.24
Q31KX0	245	25.53	28.64
Q31KX1	381	21.39	23.29
Q31KX2	85	21.27	21.94
Q31KX3	354	23.41	25.2
Q31KX4	431	21.35	23.48
Q31KX5	91	21.68	24.15
Q31KX6	435	21.98	23.73
Q31KX7	469	22.54	23.46
Q31KX8	113	22.11	24
Q31KX9	108	23.25	24.1
Q31KY0	182	21.88	23.43
Q31KY1	427	23.21	25.15
Q31KY2	55	24.33	27.27
Q31KY3	184	23.21	26.16
Q31KY4	134	21.04	23.11
Q31KY5	452	22.93	25.01
Q31KY6	384	22.99	24.81
Q31KY7	1017	23.73	25.41
Q31KY8	194	21.71	23.59
Q31KY9	387	22.15	23.53
Q31KZ0	141	22.55	23.71
Q31KZ1	91	21.74	24.47
Q31KZ2	882	22.29	23.96
Q31KZ3	520	25.71	28.51
Q31KZ4	62	25.13	30.1
Q31KZ5	181	22.37	24.8
Q31KZ6	414	22.34	24.22
Q31KZ7	330	21.56	23.22
Q31KZ8	290	20.47	22.17
Q31KZ9	176	23.48	24.87
Q31L00	171	23.38	25.2
Q31L01	471	24.55	27.74
Q31L02	144	21.61	23.45
Q31L03	554	21.82	23.37
Q31L04	235	23.32	24.89
Q31L05	158	23.08	25.36
Q31L06	105	22.59	25.53
Q31L07	213	21.71	23.67
Q31L08	210	22.24	24.13
Q31L09	100	22.43	24.02
Q31L10	287	22.46	23.75
Q31L11	91	24.37	26.04
Q31L12	117	23.13	24.71
Q31L13	244	22.37	23.4
Q31L14	142	23.93	25.1
Q31L15	64	23.71	24.83
Q31L16	82	23	24.61
Q31L17	121	22.09	24.59
Q31L18	113	22.34	24.31
Q31L19	179	23.19	25.49
Q31L20	133	22.51	24.4
Q31L21	179	21.49	23.42
Q31L22	120	21.18	22.52
Q31L23	180	20.98	22.72
Q31L26	186	21.26	23.13
Q31L27	37	24.56	25.3
Q31L28	125	21.87	23.32
Q31L29	130	21.03	22.2
Q31L30	309	21.62	23.53
Q31L31	116	22.68	24.05
Q31L32	294	23.81	25.2
Q31L33	151	23.41	24.9
Q31L34	135	22.58	24.84
Q31L35	77	24.33	25.62
Q31L36	368	21.87	23.26
Q31L37	165	24.47	26.1
Q31L38	406	22.33	24.12
Q31L39	163	22.27	24.33
Q31L40	870	23.54	25.69
Q31L41	376	23.9	25.68
Q31L42	367	21.67	23.86
Q31L43	213	21.32	22.47
Q31L44	641	22.34	24.54
Q31L45	122	25.73	28.71
Q31L46	560	22.41	23.99
Q31L47	535	22.69	24.85
Q31L48	243	23.21	26.78
Q31L49	140	24.28	25.94
Q31L50	87	23.49	25.25
Q31L51	467	21.76	23.22
Q31L52	134	22.33	23.46
Q31L53	545	22.99	25.91
Q31L54	134	27.24	30.06
Q31L55	266	23.74	25.41
Q31L56	259	23.13	24.24
Q31L57	61	26.57	30.2
Q31L58	403	23.83	26.49
Q31L59	145	22.54	25.53
Q31L60	304	23.24	25.29
Q31L61	113	24.18	29.09
Q31L62	296	23.88	27.48
Q31L63	381	22.66	24.38
Q31L64	357	22.5	24.78
Q31L65	209	23.87	26.12
Q31L66	186	22.4	23.89
Q31L67	86	26.21	27.07
Q31L69	149	24.21	26.08
Q31L70	107	21.53	23.48
Q31L71	794	23.1	24.75
Q31L72	150	21.44	24.64
Q31L73	123	22.07	24.31
Q31L74	126	22.01	23.98
Q31L75	461	23.86	25.35
Q31L76	162	23.06	25.87
Q31L77	71	23.98	25.02
Q31L78	218	23.3	25.68
Q31L79	384	22.98	24.94
Q31L82	94	23.76	25.87
Q31L83	473	24.18	26.44
Q31L84	147	21.93	24.21
Q31L85	67	22.06	25.46
Q31L86	159	24.04	25.57
Q31L87	419	21.39	23.11
Q31L88	737	24.87	27.72
Q31L89	347	23.35	26.14
Q31L90	286	24.27	27.9
Q31L91	340	21.58	23.82
Q31L92	136	24.85	27.53
Q31L93	104	22.06	23.82
Q31L94	295	23.44	25.08
Q31L95	162	22.99	24.24
Q31L96	420	22.56	24.32
Q31L97	111	21.86	23.4
Q31L98	154	22.72	24.76
Q31L99	143	22.99	24.98
Q31LA0	203	26.01	28.27
Q31LA1	341	25.4	27.87
Q31LA2	1351	23.01	25.24
Q31LA3	273	22.12	24.17
Q31LA4	227	24.49	26.94
Q31LA5	349	22.05	23.81
Q31LA6	168	23.92	26.49
Q31LA7	472	21.68	23.35
Q31LA8	690	23.12	24.4
Q31LA9	194	26.8	29.76
Q31LB0	134	22.58	24.65
Q31LB4	133	22.99	25.38
Q31LB5	323	22.46	24.33
Q31LB6	348	20.48	22.82
Q31LB7	391	22.53	24.37
Q31LB8	130	21.68	24.61
Q31LB9	138	22.49	24.02
Q31LC0	519	20.97	22.11
Q31LC1	95	22.83	24.98
Q31LC2	479	21.89	24.29
Q31LC3	286	23.98	26.17
Q31LC4	284	24.17	26.36
Q31LC7	180	22.19	24.24
Q31LC8	302	20.98	23.28
Q31LC9	327	22.17	24.19
Q31LD0	591	23.38	25.78
Q31LD1	122	22.47	24.07
Q31LD2	529	22.93	25.03
Q31LD6	134	24.58	25.62
Q31LD7	79	21	22.8
Q31LD8	294	23.01	25.29
Q31LD9	357	23.99	25.88
Q31LE0	289	22.39	24.45
Q31LE1	183	23.6	25.5
Q31LE2	306	24.64	25.96
Q31LE3	664	22.61	24.59
Q31LE4	127	24	26.43
Q31LE7	513	23.32	26.57
Q31LE9	445	21.66	24.13
Q31LF0	304	24.67	27.7
Q31LF1	104	24	27.1
Q31LF2	255	21.35	23.45
Q31LF3	66	23.95	26.02
Q31LF4	358	22.14	24.54
Q31LF5	339	24.36	27.53
Q31LF6	223	24.35	28.33
Q31LF7	662	22.48	23.99
Q31LF8	316	24.72	26.84
Q31LF9	796	23.81	25.67
Q31LG0	393	22.41	24.24
Q31LG1	212	22.46	24.12
Q31LG2	138	24.73	26.55
Q31LG3	350	22.75	23.89
Q31LG4	83	22.72	23.56
Q31LG5	376	21.82	23.78
Q31LG8	666	22.07	23.92
Q31LG9	362	22.43	24.51
Q31LH0	410	23.42	26.38
Q31LH1	184	23.52	25.02
Q31LH2	415	22.59	24.45
Q31LH3	343	23.08	24.56
Q31LH4	84	24.81	27.83
Q31LH5	333	22.81	24.8
Q31LH6	258	22.55	24.41
Q31LH9	221	22.39	23.96
Q31LI0	191	21.55	22.96
Q31LI1	264	20.31	22.6
Q31LI2	210	23.13	26.73
Q31LI3	125	24.24	26.46
Q31LI4	414	23.36	25.12
Q31LI5	313	23.19	24.88
Q31LI6	643	23.41	25.38
Q31LI7	290	24.39	27.58
Q31LI8	480	23.83	25.46
Q31LI9	487	21.91	23.31
Q31LJ0	763	25.65	28.42
Q31LJ1	734	26.11	28.97
Q31LJ2	953	22.59	24.46
Q31LJ3	129	22.33	24.94
Q31LJ4	1195	20.92	21.69
Q31LJ5	337	21.68	22.69
Q31LJ6	139	22.64	23.87
Q31LJ7	108	21.79	23.49
Q31LJ8	540	24.04	27.37
Q31LJ9	236	23.56	25.7
Q31LK0	268	20.9	21.78
Q31LK1	230	22.21	24.2
Q31LK2	214	25.68	29.09
Q31LK3	334	23.62	25.34
Q31LK4	345	24.23	26.01
Q31LK5	412	22.65	24.8
Q31LK6	230	22.19	24.52
Q31LK7	396	24.29	27.64
Q31LK8	193	22.65	24.25
Q31LK9	250	23.82	26.17
Q31LL0	528	22.79	24.92
Q31LL1	353	24.5	26.47
Q31LL2	247	25.05	27.43
Q31LL3	467	25.66	28.33
Q31LL4	361	24.32	26.17
Q31LL5	290	24.48	25.69
Q31LL6	153	21.69	23.72
Q31LL7	441	21.38	22.76
Q31LL8	97	22.66	24.02
Q31LL9	1030	20.6	21.82
Q31LM0	289	23.04	25.58
Q31LM1	81	22.73	25.58
Q31LM2	97	26.04	28.85
Q31LM3	39	24.96	28.64
Q31LM4	277	22.56	23.54
Q31LM5	197	23.34	24.48
Q31LM6	175	22.7	25
Q31LM7	407	22.53	24.46
Q31LM8	393	22.54	23.87
Q31LM9	167	22.91	25.55
Q31LN0	922	21.26	21.85
Q31LN3	228	19.92	20.23
Q31LN4	273	21.34	23.23
Q31LN5	196	21.17	22.68
Q31LN6	237	21.56	23.43
Q31LN7	236	23.7	24.08
Q31LN8	272	21.06	22.74
Q31LN9	740	21.93	23.95
Q31LP0	95	22.33	23.58
Q31LP1	195	22.44	24.64
Q31LP3	116	21.49	22.13
Q31LP4	211	23.27	25.29
Q31LP5	238	22.58	24.98
Q31LP6	206	22.8	24.75
Q31LP7	348	21.61	23.65
Q31LP8	133	23.4	26.27
Q31LP9	220	24.33	27.55
Q31LQ0	303	23.86	26.77
Q31LQ1	377	23.57	25.19
Q31LQ2	104	23.83	27.21
Q31LQ3	440	22.8	24.44
Q31LQ4	297	24.37	25.94
Q31LQ7	110	22.94	25.15
Q31LQ8	202	24.29	25.41
Q31LR2	665	24.66	28.02
Q31LR3	534	25.4	28.86
Q31LR4	117	22.91	25.41
Q31LR5	278	22.46	23.92
Q31LR6	389	23.47	25.82
Q31LR7	255	23.13	25.04
Q31LR8	252	22.02	23.33
Q31LR9	148	24.72	26.17
Q31LS0	125	22.05	24.48
Q31LS1	452	22.8	24.66
Q31LS2	288	23.86	27.31
Q31LS3	85	23.26	25.15
Q31LS4	549	22.51	23.94
Q31LS5	310	25.36	28.43
Q31LS6	298	23.36	25.04
Q31LS7	40	24.12	27.38
Q31LS8	182	20.38	22.16
Q31LS9	168	25.02	25.99
Q31LT0	600	22.73	24.85
Q31LT1	123	21.94	23.7
Q31LT4	47	22.51	26.7
Q31LT9	83	23.5	25.71
Q31LU1	81	26.83	28.28
Q31LU2	483	22.89	24.93
Q31LU3	159	23.1	24.56
Q31LU4	643	23.19	24.75
Q31LU5	342	23.29	25.22
Q31LU7	150	23.07	25.72
Q31LU8	298	22.82	23.95
Q31LU9	419	24.54	28.21
Q31LV1	353	24.87	28.28
Q31LV2	246	23.96	25.72
Q31LV3	80	22.61	23.93
Q31LV4	262	25.96	29.4
Q31LV5	449	21.63	23.41
Q31LV6	348	21.37	23.49
Q31LV7	177	21.87	24.27
Q31LV8	256	23.74	25.75
Q31LV9	247	22.93	24.55
Q31LW0	386	21.47	22.94
Q31LW1	80	21.8	22.38
Q31LW2	280	22.29	24.33
Q31LW3	97	23.95	26.53
Q31LW4	283	23.24	25.08
Q31LW5	175	21.27	23.32
Q31LW6	218	23.49	25.04
Q31LW7	166	22.35	23.51
Q31LW8	150	23.69	25.42
Q31LW9	865	23.59	25.39
Q31LX0	253	21.46	23.02
Q31LX1	359	22.75	24.69
Q31LX2	364	24.92	28.19
Q31LX3	270	22.64	24.86
Q31LX4	130	23.05	24.18
Q31LX5	152	23.33	25.02
Q31LX6	127	21.97	23.4
Q31LX7	224	22.76	24.78
Q31LX8	745	21.88	23.76
Q31LX9	212	22.43	24.47
Q31LY0	198	21.72	23.21
Q31LY1	144	22.42	24.45
Q31LY2	358	25.59	28.1
Q31LY3	246	23.26	24.48
Q31LY4	1000	22.98	25.34
Q31LY5	441	21.4	22.8
Q31LY6	376	23.51	25.47
Q31LY7	348	24.48	26.26
Q31LY8	793	23.74	25.86
Q31LY9	193	23.5	25.67
Q31LZ0	162	23.18	24.85
Q31LZ1	468	22.27	24.28
Q31LZ2	296	24.11	25.4
Q31LZ3	414	20.62	22.73
Q31LZ4	270	24.44	26.32
Q31LZ5	359	25.33	28.69
Q31LZ6	258	22.55	24.72
Q31LZ7	269	23.18	24.93
Q31LZ8	186	24.71	26.94
Q31LZ9	168	22.04	23.58
Q31M00	531	26.08	27.87
Q31M01	346	24.72	26.66
Q31M02	430	23.47	25.44
Q31M03	684	22.42	24.25
Q31M04	255	22.77	24.67
Q31M05	173	21.07	22.81
Q31M06	239	24.77	26.75
Q31M07	136	21.99	24.57
Q31M08	550	22.25	24.18
Q31M09	68	25.02	26.56
Q31M10	312	21.89	23.75
Q31M11	330	23.95	25.52
Q31M12	667	23.7	25.86
Q31M13	126	21.69	24.47
Q31M14	466	22.07	23.86
Q31M15	156	23.64	25.44
Q31M16	226	23.33	25.66
Q31M17	482	22.92	25.29
Q31M18	177	23.49	26.41
Q31M19	427	19.74	21.08
Q31M20	1084	21.5	23.97
Q31M21	143	24.57	26.5
Q31M22	293	24.87	25.92
Q31M23	136	22.05	24.14
Q31M24	306	22.94	24.88
Q31M25	195	21.43	23.14
Q31M26	293	23.07	24.29
Q31M27	307	21.65	23.97
Q31M28	421	21.69	24.12
Q31M29	235	21.69	23.4
Q31M30	917	23.53	25.58
Q31M32	288	21.65	24.13
Q31M33	168	22.54	23.51
Q31M34	456	23.08	25.32
Q31M35	566	22.52	24.53
Q31M36	234	23.04	25.46
Q31M37	209	21.81	23.9
Q31M38	487	22.87	24.7
Q31M39	409	22.52	24.32
Q31M40	398	22.94	24.53
Q31M41	354	21.96	23.78
Q31M42	299	21.75	23.94
Q31M43	609	22.51	24.33
Q31M46	269	22.79	24.46
Q31M48	455	21.86	24.12
Q31M49	168	21.58	24.33
Q31M50	246	23.83	25.56
Q31M52	114	23.64	25.16
Q31M53	110	22.39	24.22
Q31M57	149	22.22	24.69
Q31M58	387	21.44	23.67
Q31M62	208	21.87	24.3
Q31M63	313	22.58	24.52
Q31M64	172	25.26	28.76
Q31M67	70	23.5	25.09
Q31M69	242	23.19	27.19
Q31M71	105	22.22	23.3
Q31M72	121	22.24	24.1
Q31M73	977	22.32	24.13
Q31M74	411	21.8	23.41
Q31M75	242	21.48	22.68
Q31M78	1037	23.85	26.27
Q31M79	584	22.79	24.57
Q31M80	571	22.94	25.16
Q31M81	247	22.89	24.7
Q31M82	148	22.09	24.05
Q31M83	157	23.63	26.11
Q31M84	259	23.65	24.91
Q31M85	184	22.4	24.69
Q31M86	143	22.59	24.12
Q31M87	540	23.2	24.96
Q31M88	238	21.48	23.43
Q31M89	170	22.31	22.83
Q31M90	343	21.6	23.67
Q31M91	208	24.27	25.81
Q31M92	167	22.99	24.76
Q31M93	97	23.92	25.64
Q31M94	154	24.19	25.83
Q31M95	392	23.26	25.26
Q31M96	107	23.33	25.45
Q31M98	411	22.19	23.96
Q31M99	263	24.75	27.28
Q31MA0	326	22.14	24.33
Q31MA1	1568	21.36	23.34
Q31MA2	160	22.18	23.64
Q31MA3	175	23.09	25.74
Q31MA4	136	23.16	23.85
Q31MA5	260	23.04	23.91
Q31MA6	955	24.55	27.06
Q31MA7	430	22.8	25.34
Q31MA8	91	21.35	23.83
Q31MA9	541	22.84	23.95
Q31MB0	581	21.06	22.34
Q31MB1	619	23.49	25.64
Q31MB2	317	25.12	26.96
Q31MB3	85	21.5	23.99
Q31MB4	321	21.97	23.68
Q31MB5	57	23.79	23.53
Q31MB6	105	20.64	21.22
Q31MB7	82	23.31	24.87
Q31MB9	98	23.01	24.84
Q31MC0	128	23.75	25.5
Q31MC1	270	23.64	24.15
Q31MC2	470	26.12	28.81
Q31MC3	343	26.25	30.07
Q31MC4	167	21.4	23.07
Q31MC5	122	22.1	24.24
Q31MC6	272	23.67	25.88
Q31MC7	483	23.49	26.73
Q31MC8	576	20.75	22.8
Q31MC9	363	21.71	23.81
Q31MD0	67	25.31	27.13
Q31MD1	361	22.61	24.22
Q31MD2	95	22.85	24.12
Q31MD3	91	23.9	26.11
Q31MD4	577	24.92	28.16
Q31MD5	50	25.09	28.39
Q31MD6	154	23.1	24.67
Q31MD7	250	21.32	23.55
Q31MD8	67	21.67	22.78
Q31MD9	128	23.8	25.66
Q31ME0	130	22.5	23.02
Q31ME1	253	25.97	27.34
Q31ME2	394	23.64	25.62
Q31ME3	320	22.55	23.96
Q31ME4	181	24.71	27.24
Q31ME5	136	23.62	25.13
Q31ME6	394	24.88	27.01
Q31MF0	141	23.34	25.04
Q31MF1	419	22.9	25.06
Q31MF2	442	21.1	23.09
Q31MF3	261	21.83	24.27
Q31MF4	479	23.09	25.63
Q31MF5	120	22.79	24.2
Q31MF6	214	22.59	23.52
Q31MF7	136	22.2	24.43
Q31MF8	161	22.92	25.08
Q31MF9	196	22.37	24.46
Q31MG0	370	22.56	24.11
Q31MG1	171	24.16	27.62
Q31MG2	193	25.17	28.8
Q31MG3	163	28.21	31.46
Q31MG4	483	23.02	24.92
Q31MG5	102	24.54	26.75
Q31MG6	516	23.02	24.96
Q31MG7	361	22.5	25.3
Q31MG8	234	20.99	23.26
Q31MG9	146	23.08	24.93
Q31MH0	475	23.02	25.13
Q31MH1	425	22.67	24.69
Q31MH2	433	22.64	24.01
Q31MH3	1238	23.6	25.52
Q31MH4	217	23.19	25.14
Q31MH5	338	23.81	25.79
Q31MH6	300	25.81	28.14
Q31MH7	121	23.27	24.95
Q31MH8	190	21.9	23
Q31MH9	76	22.56	24.35
Q31MI0	513	22.2	24.48
Q31MI1	675	23.39	25.44
Q31MI2	143	23.67	25
Q31MI3	730	21.45	23.58
Q31MI4	39	25.63	29.95
Q31MI5	269	24.48	26.07
Q31MI6	1025	23.56	25.12
Q31MI7	45	23.56	27.24
Q31MI8	178	22	22.89
Q31MI9	314	23.59	25.91
Q31MJ0	462	24.15	27.31
Q31MJ1	113	22.3	23.71
Q31MJ2	93	23.53	25.33
Q31MJ3	246	22.88	24.42
Q31MJ4	332	20.97	23.66
Q31MJ5	858	21.86	23.58
Q31MJ6	133	22.14	24.62
Q31MJ7	303	23.05	25.25
Q31MJ8	386	24.26	27.23
Q31MJ9	79	23.25	25.34
Q31MK1	286	24.6	27.6
Q31MK2	288	24.87	28.42
Q31MK3	341	22.95	25.49
Q31ML0	112	23.03	24.71
Q31ML1	180	22.63	24.83
Q31ML2	365	22.99	24.35
Q31ML3	217	20.93	23.43
Q31ML4	161	25.4	26.95
Q31ML5	103	20.6	21.35
Q31ML6	221	22.5	24.87
Q31ML7	241	22.35	23.88
Q31ML8	203	22.29	24.4
Q31ML9	48	25.95	30.01
Q31MM0	696	21.75	24.47
Q31MM1	556	23.41	26.62
Q31MM2	463	22.4	24.15
Q31MM3	234	23.89	26.36
Q31MM4	371	23.84	25.81
Q31MM5	64	22.2	23.16
Q31MM6	119	23.36	24.54
Q31MM7	478	23.92	25.77
Q31MM8	187	20.86	23.18
Q31MM9	277	24.69	27.79
Q31MN0	215	22.65	25.03
Q31MN1	152	25.12	28.95
Q31MN2	73	24.04	26.3
Q31MN3	720	23.5	25.62
Q31MN4	189	24.72	26.64
Q31MN5	127	22.97	25.3
Q31MN6	398	21.51	23.78
Q31MN7	546	23.05	25.11
Q31MN8	245	24.72	25.99
Q31MN9	1079	23.33	25.09
Q31MP0	238	22.61	24.57
Q31MP1	149	22.16	23.64
Q31MP2	306	23.75	25.47
Q31MP3	240	23.75	25.8
Q31MP4	247	22.05	23.73
Q31MP5	267	23.29	26.66
Q31MP6	506	22.91	24.52
Q31MP7	356	22.23	25.02
Q31MP8	166	21.14	22.34
Q31MP9	177	22.99	24.08
Q31MQ0	213	22.06	24.12
Q31MQ1	88	22.09	24.02
Q31MQ3	135	22.77	24.81
Q31MQ4	548	21.92	25.08
Q31MQ5	179	25.91	27.9
Q31MQ6	240	24.77	27.1
Q31MQ7	169	22.87	24.78
Q31MQ8	299	22.72	24.26
Q31MR0	213	23.28	24.9
Q31MR1	239	27.98	30.76
Q31MR2	432	23.01	25.12
Q31MR3	160	21.25	23.17
Q31MR4	407	23.94	25.86
Q31MR5	244	22.06	24.34
Q31MR6	230	24.04	27.55
Q31MR7	823	22.67	24.35
Q31MR8	522	24.63	26.65
Q31MR9	501	22.66	24.57
Q31MS0	168	22.84	23.68
Q31MS1	168	21.91	22.96
Q31MS2	392	22.69	25.35
Q31MS3	128	24.12	26.55
Q31MS4	122	23.69	25.07
Q31MS5	45	22.76	23.56
Q31MS6	191	22.55	25.13
Q31MS7	408	20.9	22.87
Q31MS8	97	23.96	27.74
Q31MS9	470	22.01	25.16
Q31MT0	1137	23.02	24.81
Q31MT1	469	22.73	24.67
Q31MT3	186	21.16	23.87
Q31MT4	192	25.02	27.12
Q31MT5	450	22.09	23.68
Q31MT6	375	21.37	23.27
Q31MT7	245	22.05	23.67
Q31MT8	57	24.93	25.26
Q31MT9	280	23.42	25.16
Q31MU0	361	21.21	22.91
Q31MU1	264	22.27	23.98
Q31MV0	429	21.51	23.36
Q31MV1	859	21.98	24.4
Q31MV4	261	23	24.75
Q31MV6	178	25.6	27.97
Q31MV9	141	23.97	26.61
Q31MW0	155	22.75	24.57
Q31MW5	890	24.69	26.69
Q31MW7	528	23.22	25.32
Q31MX0	153	23.82	25.22
Q31MX1	79	22.65	25.23
Q31MX2	105	23.09	24.52
Q31MX3	731	23.35	25.21
Q31MX4	146	22.2	24.23
Q31MX5	105	22.68	24.73
Q31MX6	138	24.81	28.14
Q31MX7	298	22.57	24.92
Q31MX8	168	21.94	23.3
Q31MX9	52	27.29	30.13
Q31MY0	224	23.12	24.63
Q31MY1	355	25.4	26.59
Q31MY2	310	22.71	24.21
Q31MY3	192	23.3	25.04
Q31MY4	254	22.13	23.83
Q31MY6	297	22.75	24.03
Q31MY7	330	22.6	24.93
Q31MY8	254	24.29	26.19
Q31MY9	418	22.86	24.89
Q31MZ0	186	22.29	23.97
Q31MZ1	439	23.33	25.47
Q31MZ2	126	21.88	23.85
Q31MZ3	465	22.27	23.94
Q31MZ4	151	22.3	24.77
Q31MZ5	83	21.44	22.64
Q31MZ6	41	21.19	23.18
Q31MZ9	236	24.88	27.18
Q31N00	100	24.57	26.92
Q31N01	132	23.48	25.69
Q31N02	69	23.5	25.33
Q31N03	226	23.06	24.95
Q31N04	152	21.73	23.1
Q31N05	735	24.07	26.25
Q31N06	279	22.06	24.15
Q31N07	221	23.88	27.13
Q31N08	271	22.02	24.59
Q31N09	141	21.22	22.45
Q31N10	339	23.35	24.96
Q31N11	109	26.93	29.68
Q31N12	838	24.43	26.82
Q31N13	263	22.75	24.87
Q31N14	597	22.68	24.87
Q31N15	1318	21.56	23.62
Q31N17	1100	22.73	24.67
Q31N18	265	22.68	24.31
Q31N19	98	22.74	25.15
Q31N20	434	21.66	23.48
Q31N21	766	23.1	24.62
Q31N22	457	22.11	23.75
Q31N23	215	24.19	25.22
Q31N24	299	21.61	23.35
Q31N25	199	23.71	24.63
Q31N26	402	22.68	24.84
Q31N27	481	23.77	26.33
Q31N28	145	25.46	27.1
Q31N29	259	23.32	24.48
Q31N30	357	22.4	24.09
Q31N31	241	21.68	24.02
Q31N32	311	22.04	23.07
Q31N33	138	23.87	25.08
Q31N34	365	21.92	24.34
Q31N35	462	23.62	25.31
Q31N36	259	22.18	24.2
Q31N37	186	23.67	25.93
Q31N38	546	21.56	23.97
Q31N39	299	23.14	25.07
Q31N41	67	20.42	22.1
Q31N42	186	22.78	25.26
Q31N44	175	22.28	24.19
Q31N45	237	23.16	25.06
Q31N46	279	21.8	23.51
Q31N47	194	25.36	27.28
Q31N52	202	23.47	25.14
Q31N53	82	25.95	28.05
Q31N54	88	23.11	24.65
Q31N55	497	21.69	23.85
Q31N56	142	22.84	24.76
Q31N57	521	22.46	24.26
Q31N58	217	22.49	24.4
Q31N59	184	22.95	24.67
Q31N62	731	23.36	24.94
Q31N63	104	22.17	24.87
Q31N64	373	23.42	26.55
Q31N65	111	23.75	27.26
Q31N66	480	25.53	29.48
Q31N67	128	27.65	30.68
Q31N68	85	24.82	29.22
Q31N69	97	26.14	30.08
Q31N70	193	23.76	26.76
Q31N71	219	24.2	27.44
Q31N72	229	22.08	22.96
Q31N73	334	21.36	23.22
Q31N74	151	22.69	24.41
Q31N75	531	22.19	25.18
Q31N76	543	22.45	25.7
Q31N78	418	22.09	23.39
Q31N79	85	24.17	24.5
Q31N80	206	22.4	24.25
Q31N81	188	24.03	25.8
Q31N82	225	23.21	24.92
Q31N83	293	20.89	23.34
Q31N84	335	21.37	24.01
Q31N85	346	21.3	23.21
Q31N86	244	22.48	24.4
Q31N87	478	21.22	23.15
Q31N88	153	21.96	24.22
Q31N89	266	22.72	24.42
Q31N90	355	21.73	23.5
Q31N93	139	21.24	23.54
Q31N94	371	22.82	24.84
Q31N95	97	23.53	26.65
Q31N97	144	24.55	26.12
Q31N98	325	23.31	26.04
Q31N99	306	21.62	23.69
Q31NA0	533	24.94	28.65
Q31NA1	164	24.35	25.67
Q31NA2	92	21.26	22.05
Q31NA3	148	25.84	27.49
Q31NA4	582	22.72	24.3
Q31NA5	199	20.02	21.08
Q31NA6	352	22.87	25.29
Q31NA7	561	22.35	24.45
Q31NA9	311	23.61	24.98
Q31NB2	111	26.22	27.59
Q31NB3	472	24.03	26.28
Q31NC1	68	20.04	21.93
Q31NC2	327	21.35	22.45
Q31NC5	241	21.87	23.52
Q31NC6	251	23.56	27.33
Q31NC7	149	22.02	25.06
Q31NC8	235	23.55	25.59
Q31NC9	540	21.56	23.71
Q31ND0	340	22.22	24.49
Q31ND1	213	24.94	27.41
Q31ND2	543	24.13	27.41
Q31ND3	368	21.75	23.42
Q31ND4	175	23.04	24.48
Q31ND5	229	22.29	23.86
Q31ND6	258	22.03	23.68
Q31ND7	419	24.53	26.76
Q31ND8	125	24.44	26.97
Q31ND9	373	23.36	25.21
Q31NE0	384	21.69	23.46
Q31NE1	740	26.15	29.01
Q31NE2	442	19.28	21.32
Q31NE3	85	25.58	27.53
Q31NE4	139	21.64	23.71
Q31NE5	587	24.09	26.07
Q31NE6	304	24.09	25.96
Q31NE7	1355	21.01	23.83
Q31NE8	512	21.64	23.37
Q31NF1	237	23.78	24.77
Q31NF2	275	21.75	23.57
Q31NF3	377	22.71	24.4
Q31NF4	73	22.77	23.86
Q31NF5	281	21.3	23.3
Q31NF6	170	23.38	26.01
Q31NF7	889	23.94	26.59
Q31NF8	641	22.01	23.95
Q31NG1	413	23.2	25.38
Q31NG2	779	22.87	24.62
Q31NG3	198	20.25	22.78
Q31NG4	173	21.72	24.13
Q31NG5	543	23.1	24.15
Q31NG6	231	23	26.59
Q31NG7	1190	22.88	25.01
Q31NG8	387	24.41	26.28
Q31NG9	79	23.74	25.35
Q31NH0	199	22.37	24
Q31NH1	111	23.74	25.87
Q31NH2	455	23.29	24.95
Q31NH3	303	25.25	28.41
Q31NH4	232	23.9	27.31
Q31NH5	138	24.08	25.42
Q31NH6	95	24.85	26.16
Q31NH7	161	23.39	24.42
Q31NH8	167	22.66	25.74
Q31NH9	436	22.22	24.39
Q31NI0	401	23.6	25.41
Q31NI1	263	23.63	25.47
Q31NI2	1807	23.46	25.74
Q31NI3	151	23.51	25.89
Q31NI4	929	23.24	25.31
Q31NI5	498	23.02	26.54
Q31NI6	222	25.93	28.72
Q31NI7	656	23.71	25.59
Q31NI8	236	22.66	24.12
Q31NI9	101	23.23	24.52
Q31NJ0	228	24.39	26.15
Q31NJ1	99	22.79	24.41
Q31NJ2	331	22.92	25.4
Q31NJ3	103	24.52	28.59
Q31NJ4	201	24	27.93
Q31NJ5	202	24.35	26.36
Q31NJ6	372	24.59	28.18
Q31NJ7	363	24.17	26.21
Q31NJ8	361	25.38	29.41
Q31NJ9	192	21.89	23.72
Q31NK0	64	20.72	24.34
Q31NK1	260	21.9	23.55
Q31NK2	1434	19.64	23.32
Q31NK3	360	23.79	25.93
Q31NK4	264	23.16	24.84
Q31NK5	465	22.93	24.31
Q31NK6	231	21.61	23.87
Q31NK7	206	23.34	25.14
Q31NK8	58	25.2	27.76
Q31NK9	218	23.58	25.45
Q31NL0	208	22.15	24.34
Q31NL1	130	23.51	25.82
Q31NL2	97	21.78	24.08
Q31NL3	1153	22.81	24.38
Q31NL4	454	22.24	24.25
Q31NL5	919	22.98	24.91
Q31NL6	282	23.59	24.96
Q31NL7	75	22.59	25.39
Q31NL8	339	21.47	23.19
Q31NL9	318	23.99	25.23
Q31NM0	179	22.08	23.68
Q31NM1	283	24.34	28.31
Q31NM2	245	23.25	24.35
Q31NM3	345	21.06	22.28
Q31NM4	466	22.57	24.31
Q31NM5	623	21.83	24.16
Q31NM6	599	23.16	24.91
Q31NM7	600	22.92	25.26
Q31NM8	118	23.12	24.27
Q31NN1	355	22.77	24.89
Q31NN2	271	24.23	28.11
Q31NN3	186	21.92	23.58
Q31NN4	536	22.08	23.75
Q31NN5	190	22.64	24.08
Q31NN6	132	22.95	24.99
Q31NN7	158	21.86	24.45
Q31NN8	487	23.27	24.57
Q31NN9	189	23.78	25.71
Q31NP0	320	22.72	24.98
Q31NP1	576	23.04	25.2
Q31NP2	469	21.1	23.45
Q31NP3	231	23.86	25.51
Q31NP4	462	23.43	25.06
Q31NP5	522	22.08	24.08
Q31NQ0	446	21.23	23.28
Q31NQ1	168	22.67	24.45
Q31NQ2	610	20.06	23.49
Q31NQ8	230	22.83	24.85
Q31NQ9	364	22.38	24.77
Q31NR0	83	21.17	24.17
Q31NR1	66	24.71	25.98
Q31NR2	116	23.93	26.53
Q31NR3	260	23.03	25.1
Q31NR4	387	21.59	24.08
Q31NR5	175	23.16	25.72
Q31NR6	511	21.89	23.79
Q31NR7	175	24.14	25.32
Q31NR8	245	24.98	26.74
Q31NR9	98	23.92	25.93
Q31NS0	465	22.21	24.84
Q31NS1	484	22.11	24.42
Q31NS2	259	22.29	24.54
Q31NS3	197	21.62	23.2
Q31NS4	237	21.88	24.14
Q31NS5	547	22.64	26.01
Q31NS6	374	23.32	25.57
Q31NS7	539	22.98	24.95
Q31NS8	263	22.09	23.93
Q31NS9	275	22.02	23.94
Q31NT0	392	23.42	25.71
Q31NT1	137	26.37	27.54
Q31NT2	615	22.42	25.17
Q31NT3	184	23.65	26.14
Q31NT4	387	22.55	24.61
Q31NT5	131	22.16	24.26
Q31NT6	93	19.17	21.21
Q31NT7	425	23.18	25.03
Q31NT8	349	21.36	23.71
Q31NT9	159	23.62	26.36
Q31NU0	41	27.85	31.52
Q31NU1	190	25.43	27.92
Q31NU2	79	23.11	24.88
Q31NU3	504	23.84	25.98
Q31NU4	114	23.79	25.76
Q31NU5	432	22.77	24.97
Q31NU6	231	21.59	23.53
Q31NV5	167	27.13	30.02
Q31NV6	227	25.85	29.95
Q31NV7	179	22.53	25.35
Q31NV8	324	22.07	24.69
Q31NV9	289	25.45	28.36
Q31NW0	264	22.06	23.86
Q31NW1	289	24.54	27.93
Q31NW2	244	21.37	23.16
Q31NW3	421	21.9	24.13
Q31NW5	366	20.06	21.66
Q31NY1	84	22.23	24.79
Q31NY4	54	24.12	24.94
Q31NY5	104	21.39	23.1
Q31NY6	137	22.97	25.11
Q31NY7	822	24.18	26.47
Q31NY9	337	24.77	27.76
Q31NZ0	234	21.48	23.35
Q31NZ1	479	21.63	24.05
Q31NZ4	166	22.05	23.98
Q31NZ6	240	23.55	24.51
Q31NZ7	197	20.85	22.55
Q31P02	391	25.99	27.87
Q31P03	232	21.86	23.48
Q31P06	244	23.2	25.01
Q31P07	172	25.06	26.9
Q31P08	235	22.71	24.83
Q31P11	349	23.82	26.07
Q31P16	422	23.16	24.47
Q31P17	482	24.79	26.8
Q31P18	503	25.23	26.87
Q31P19	160	22.64	24.88
Q31P20	587	23.44	25.37
Q31P22	185	23.6	25.55
Q31P23	441	22.73	23.87
Q31P24	131	22.97	25.14
Q31P25	474	24.13	26.81
Q31P26	391	24	27.8
Q31P27	151	22.54	26.14
Q31P28	164	24.45	27.49
Q31P29	300	21.11	23.42
Q31P30	166	22.49	24.65
Q31P31	1047	23.41	25.55
Q31P32	1061	22.89	24.48
Q31P33	865	22.86	24.07
Q31P34	238	23.58	24.86
Q31P35	435	23	24.62
Q31P36	614	23.56	25.2
Q31P37	335	20.85	22.57
Q31P38	527	20.99	22.59
Q31P39	218	23.83	24.93
Q31P40	325	23.85	25.57
Q31P41	405	22.53	24.19
Q31P42	235	22.18	23.05
Q31P43	88	21.87	23.73
Q31P44	108	23.68	26.56
Q31P45	343	21.84	23.38
Q31P46	198	22.51	25.51
Q31P47	525	24.1	26.13
Q31P48	228	22.42	24.62
Q31P49	585	22.91	24.47
Q31P50	556	21.35	22.25
Q31P51	336	22.94	24.08
Q31P52	248	19.98	22.46
Q31P53	865	23.28	25
Q31P54	172	23.26	24.81
Q31P55	102	21.44	24.69
Q31P56	714	24.45	27.3
Q31P57	567	21.36	23.2
Q31P58	73	24.77	26.82
Q31P59	604	22.39	24.07
Q31P60	282	21.99	22.71
Q31P61	362	20.94	23.87
Q31P62	489	22.02	24.3
Q31P63	277	25.74	28.95
Q31P64	311	21.35	22.95
Q31P65	670	22.8	24.23
Q31P66	71	24.39	26.48
Q31P67	64	23.48	24.67
Q31P68	719	21.72	23.1
Q31P69	51	23.66	26.23
Q31P70	225	24.2	27.94
Q31P71	516	22.09	24.39
Q31P72	220	22	24.99
Q31P73	402	21.24	23.96
Q31P74	126	21.24	23.27
Q31P75	287	22.14	23.98
Q31P76	363	23.5	27.03
Q31P77	313	22.85	23.89
Q31P78	527	22.32	23.76
Q31P79	208	23.19	24.46
Q31P80	357	23.77	25.65
Q31P81	91	22.27	24.65
Q31P82	266	21.09	23.13
Q31P83	156	24.78	26.91
Q31P84	361	21.27	23.5
Q31P85	421	26.39	29.62
Q31P86	243	21.53	23.19
Q31P87	142	24.22	24.76
Q31P88	385	20.26	22.25
Q31P89	482	23.29	25.07
Q31P90	233	22.85	25.27
Q31P91	412	22.68	24.84
Q31P92	41	22.63	24.87
Q31P93	456	23.24	25
Q31P94	141	23.18	25.64
Q31P95	205	23.88	26
Q31P96	378	22.28	24.45
Q31P97	219	24.01	25.76
Q31P98	387	23.68	25.49
Q31P99	265	24.66	27.18
Q31PA2	324	24.7	27.33
Q31PA5	147	22.35	24.66
Q31PA6	458	24.19	25.99
Q31PA8	233	22.08	24.3
Q31PA9	447	24.11	27.35
Q31PB0	817	22.17	23.56
Q31PB1	302	20.93	22.07
Q31PB2	103	24.85	26.84
Q31PB3	138	24.14	27.64
Q31PB4	262	23	24.04
Q31PB5	101	22.87	24.78
Q31PB6	238	21.83	23.4
Q31PB7	183	22.29	24.38
Q31PB8	188	21.68	23.15
Q31PB9	373	23.19	24.78
Q31PC0	242	22.89	24.94
Q31PC1	431	20.99	23.32
Q31PC2	182	22.39	24.44
Q31PC3	82	23.28	24.79
Q31PC4	1039	22.82	24.97
Q31PC5	453	23.25	25.44
Q31PC6	82	22.57	24.54
Q31PC7	75	21.95	23.57
Q31PC8	311	24.93	27.12
Q31PC9	675	22.81	25
Q31PD0	310	21.72	24.41
Q31PD1	70	21.99	23.74
Q31PD2	343	21.8	23.35
Q31PD3	260	21.23	22.92
Q31PD8	81	21.87	23.47
Q31PD9	289	22.25	24.52
Q31PE0	273	22.62	24.6
Q31PE3	142	24.4	27.52
Q31PE4	523	22.79	24.2
Q31PE5	240	24.74	26.26
Q31PE6	217	25.32	28.61
Q31PE7	111	23.37	24.99
Q31PE8	90	22.87	25.01
Q31PE9	185	22.96	24.04
Q31PF0	158	25.56	26.92
Q31PF1	195	22.93	25.02
Q31PF2	647	23.03	25.22
Q31PF3	167	24.82	26.06
Q31PF4	264	23.51	26.01
Q31PF5	287	24.43	25.97
Q31PF6	318	24.7	26.89
Q31PF7	488	23.74	26.02
Q31PF8	113	25.38	27.91
Q31PF9	373	22.3	24.19
Q31PG0	304	23.8	26.01
Q31PG1	318	23.98	25.83
Q31PG2	87	20.44	22.59
Q31PG3	584	23.2	24.32
Q31PG4	156	22.97	24.84
Q31PG5	330	22.99	26.23
Q31PG6	81	24.59	25.39
Q31PG7	262	22.95	25.29
Q31PG8	447	23.1	24.87
Q31PG9	316	23.45	25.3
Q31PH0	499	24.64	26.5
Q31PH1	211	24.64	26.1
Q31PH2	253	21.41	23.66
Q31PH3	160	22.92	24.63
Q31PH4	839	19.53	20.97
Q31PH5	928	21.76	23.64
Q31PH6	78	23.04	24.29
Q31PH9	243	23.39	24.35
Q31PI0	199	23.11	23.97
Q31PI1	284	23.93	25.92
Q31PI2	463	22.09	24.52
Q31PI3	359	21.69	23.7
Q31PI4	209	23.88	25.61
Q31PI5	117	23.57	24.53
Q31PI6	517	23.39	25.1
Q31PI7	142	23.51	25.81
Q31PI8	616	20.45	22.37
Q31PI9	1076	20.85	23.75
Q31PJ0	99	22.65	24.03
Q31PJ1	632	22.07	24.19
Q31PJ2	58	22.43	24.28
Q31PJ3	328	24.84	26.46
Q31PJ4	131	24.81	28.18
Q31PJ5	189	22.44	23.54
Q31PJ6	459	22.17	24.56
Q31PJ7	665	22.99	24.73
Q31PJ8	421	24.03	26.04
Q31PJ9	180	22.39	24.55
Q31PK0	147	23.21	24.8
Q31PK1	108	23.64	25.38
Q31PK3	383	22.73	25.03
Q31PK4	460	23.56	26.45
Q31PK5	266	22.4	24.27
Q31PK6	228	21.9	23.77
Q31PK7	204	22.87	24.35
Q31PK8	564	22.73	24.3
Q31PK9	207	24.49	27.93
Q31PL0	167	25.42	26.96
Q31PL1	403	22.83	24.85
Q31PL2	333	23.56	25.65
Q31PL3	909	23.19	24.81
Q31PL4	296	22.61	24
Q31PL5	56	22.4	24.62
Q31PL6	390	22.56	24.99
Q31PL7	130	21.29	23.74
Q31PL8	452	22.87	24.52
Q31PL9	523	22.66	24.45
Q31PM0	275	23.44	25.6
Q31PM1	71	23.76	24.44
Q31PM2	320	21.69	23.56
Q31PM3	195	23.42	25.18
Q31PM4	320	21.1	22.95
Q31PM5	172	23.54	24.79
Q31PM6	126	22.87	24.51
Q31PM7	451	22.3	23.59
Q31PM8	337	22.82	25.02
Q31PM9	417	22.71	24.44
Q31PN0	343	21.91	24.22
Q31PN1	209	22.14	24.11
Q31PN2	215	22.8	24.62
Q31PN3	380	23.05	25.05
Q31PN4	172	23.08	23.88
Q31PN5	344	21.97	24.24
Q31PN6	154	23.54	25.47
Q31PN7	263	24.23	25.17
Q31PN8	282	21.83	24.17
Q31PN9	438	22.96	25.13
Q31PP0	292	25.65	28.75
Q31PP1	275	24.58	27.83
Q31PP2	355	22.46	24.06
Q31PP3	495	23	25.02
Q31PP4	324	23.23	25.41
Q31PP5	412	21.97	24.27
Q31PP6	422	21.83	24.07
Q31PP7	630	22.65	24.9
Q31PP8	569	23.01	24.83
Q31PP9	116	22.08	24.38
Q31PQ0	208	22.07	23.98
Q31PQ1	106	22.28	24.54
Q31PQ2	230	22.69	24.46
Q31PQ3	181	22.07	24.48
Q31PQ4	256	23.43	27.16
Q31PQ5	353	22.85	24.73
Q31PQ6	171	23.74	24.8
Q31PQ7	399	22.88	24.89
Q31PQ8	268	22.23	23.92
Q31PQ9	155	23.12	25.16
Q31PR0	284	22.06	23.91
Q31PR1	721	21.68	23.79
Q31PR2	241	22.45	24.63
Q31PR3	419	21.47	23.14
Q31PR4	433	20.87	23.25
Q31PR6	291	23.06	25.13
Q31PR7	300	22.4	24.04
Q31PR8	100	26.09	29.54
Q31PR9	84	22.57	26.15
Q31PS0	148	21.17	22.47
Q31PS1	649	22.58	24.66
Q31PS2	88	23.04	24.66
Q31PS3	42	21.95	22.25
Q31PS4	149	22.41	24.61
Q31PS5	203	22.69	24.25
Q31PS6	164	23.22	24.86
Q31PS7	652	21.22	22.49
Q31PS8	83	27.37	30.54
Q31PS9	142	23.38	24.72
Q31PT0	118	22.39	25.1
Q31PT1	235	21.2	22.35
Q31PT2	70	20.73	21.39
Q31PT3	161	21.65	24.49
Q31PT4	180	20.56	23.95
Q31PT5	181	21.03	23.41
Q31PT6	861	22.06	24.41
Q31PT7	319	21.06	24.39
Q31PT8	298	23.72	25.45
Q31PT9	67	22.19	23.34
Q31PU0	265	22.85	24.92
Q31PU1	130	23.75	25.3
Q31PU2	91	22.02	23.63
Q31PU3	268	21.45	24.02
Q31PU4	390	22.68	24.12
Q31PU5	190	22.08	24.18
Q31PU7	336	22.76	23.82
Q31PU8	99	23.04	25.57
Q31PU9	1536	22.4	24.49
Q31PV0	605	21.65	23.49
Q31PV1	119	22.89	23.84
Q31PV3	156	22.82	24.37
Q31PV4	694	22.43	24.69
Q31PV6	105	23.52	25.04
Q31PV7	218	23.77	25.66
Q31PV8	291	21.93	23.57
Q31PV9	185	22.97	24.91
Q31PW0	215	23.32	24.84
Q31PW1	808	20.82	22
Q31PW2	872	23.22	25.12
Q31PW3	876	21.86	23.9
Q31PW4	144	22.72	25.67
Q31PW5	1019	23.3	25.06
Q31PW6	362	24.01	26.59
Q31PW7	192	25.24	26.33
Q31PW8	74	23.94	26.07
Q31PW9	75	23.15	25.49
Q31PX0	196	23.96	25.3
Q31PX1	582	24.03	26.13
Q31PX2	111	22.05	23.41
Q31PX3	193	20.86	21.17
Q31PX4	163	21.76	24.49
Q31PX5	172	22.64	24.24
Q31PX6	393	21.95	24.31
Q31PX7	125	24.72	26.98
Q31PX8	429	25.07	27.72
Q31PX9	319	20.89	22.89
Q31PY0	952	22.08	23.92
Q31PY1	1406	21.54	23.5
Q31PY2	168	22.26	24.85
Q31PY3	120	22.72	25.45
Q31PY4	417	23.8	26.41
Q31PY5	798	23.99	26.08
Q31PY6	411	23.09	25.53
Q31PY7	341	22.34	24.97
Q31PY8	66	23.22	25.42
Q31PY9	203	25.58	28.32
Q31PZ0	1003	22.26	24.16
Q31PZ1	370	22.52	24.48
Q31PZ2	272	23.42	24.74
Q31PZ3	68	23.89	25.74
Q31PZ4	236	22.55	24.16
Q31PZ5	143	21.08	22.73
Q31PZ6	446	22.45	24.33
Q31PZ7	446	23.69	24.92
Q31PZ8	160	23.97	26.74
Q31PZ9	334	22.97	24.97
Q31Q00	365	21.7	23.4
Q31Q01	210	24.07	25.83
Q31Q02	338	22.45	24.6
Q31Q03	375	21.78	23.3
Q31Q04	217	22.11	24.62
Q31Q05	356	22.69	23.89
Q31Q06	200	22.28	24.16
Q31Q07	462	23.61	25.66
Q31Q08	110	23.18	25.43
Q31Q09	122	23.11	24.7
Q31Q10	348	21.94	23.75
Q31Q11	311	23.76	25.73
Q31Q12	232	23.79	25.26
Q31Q13	568	24.47	26.96
Q31Q14	348	25.64	29.28
Q31Q15	341	23.62	26.98
Q31Q16	533	22.71	25.08
Q31Q17	144	21.73	22.94
Q31Q18	221	22.32	24.49
Q31Q19	89	22.27	24.06
Q31Q20	130	22.9	24.57
Q31Q21	681	23.16	25.15
Q31Q22	243	21.19	23.43
Q31Q23	74	22.54	23.76
Q31Q25	306	21.52	23.07
Q31Q26	527	23.45	26.54
Q31Q27	77	24.04	25.18
Q31Q28	580	25.92	28.56
Q31Q29	709	24.22	25.86
Q31Q30	279	23.22	25.31
Q31Q31	243	22.59	23.92
Q31Q32	248	22.44	24.61
Q31Q33	353	22.06	23.7
Q31Q34	260	26.72	30.57
Q31Q35	195	22.23	24.02
Q31Q37	197	24.13	25.89
Q31Q38	526	24.36	26.51
Q31Q39	161	22.23	24.56
Q31Q40	86	23.4	25.09
Q31Q41	181	22.86	22.93
Q31Q42	203	21.57	22.77
Q31Q43	257	19.99	21.69
Q31Q44	222	20.56	21.86
Q31Q45	411	23.07	26.2
Q31Q46	412	22.26	23.83
Q31Q47	142	20.51	22.05
Q31Q48	107	24.19	26.07
Q31Q49	264	22.58	24.77
Q31Q50	292	23.68	25.99
Q31Q51	288	24.69	26.86
Q31Q52	712	21.89	23.79
Q31Q53	105	21.17	21.62
Q31Q54	218	22.17	24.64
Q31Q55	598	23.21	25.77
Q31Q56	838	22.39	24.45
Q31Q57	457	23.51	25.93
Q31Q58	820	22.6	24.43
Q31Q59	154	24.16	25.19
Q31Q60	289	21.17	23.12
Q31Q61	301	21.7	24.07
Q31Q62	159	22.7	25.42
Q31Q63	295	24.02	25.62
Q31Q64	201	23.53	25.71
Q31Q65	197	23.79	25.65
Q31Q66	404	23.89	25.42
Q31Q67	494	22.27	24.28
Q31Q68	300	22.2	24.04
Q31Q69	218	23.38	25.28
Q31Q70	144	23.96	25.62
Q31Q71	215	23.83	25.34
Q31Q72	162	24.03	25.77
Q31Q73	79	23.82	26.33
Q31Q74	109	23.65	26.31
Q31Q75	183	23.53	25.67
Q31Q76	242	25.28	27.72
Q31Q77	196	24.77	27.97
Q31Q78	459	24.11	26.69
Q31Q79	140	23.46	25.89
Q31Q80	226	25.09	27.16
Q31Q81	154	23.06	24.66
Q31Q82	192	24.74	26.6
Q31Q83	82	24.31	26.04
Q31Q84	480	22.12	24.13
Q31Q85	70	23.96	25.61
Q31Q86	306	20.64	23.06
Q31Q87	950	21.09	23.61
Q31Q88	96	22.26	24.23
Q31Q89	167	22.68	25
Q31Q90	474	22.02	24.49
Q31Q91	168	21.48	23.33
Q31Q92	387	20.21	22.76
Q31Q93	483	21.74	24.08
Q31Q94	671	22.51	24.83
Q31Q95	161	22.47	24.55
Q31Q96	279	23.76	25.67
Q31Q97	279	21.29	23.9
Q31Q98	114	22.83	24.79
Q31Q99	186	22.25	23.71
Q31QA0	212	20.95	22.3
Q31QA1	103	22.65	24.67
Q31QA2	109	21.02	24.27
Q31QA3	624	21.95	23.78
Q31QA4	487	22.46	24.05
Q31QA5	69	22.63	24.25
Q31QA6	626	23.76	25.41
Q31QA7	179	21.8	22.62
Q31QA8	201	22.23	24.25
Q31QA9	181	24.07	25.97
Q31QB0	847	23.17	25.11
Q31QB1	120	22.09	24.05
Q31QB2	469	22.83	24.28
Q31QB3	147	23.43	25.62
Q31QB4	213	23.51	25.61
Q31QB5	360	21.6	23.35
Q31QB6	96	24.14	25.57
Q31QB7	112	24.58	26.53
Q31QB8	167	24.4	25.69
Q31QB9	217	24.51	26.29
Q31QC0	174	24.04	26.19
Q31QC1	366	24.96	26.28
Q31QC2	395	21.34	23.18
Q31QC3	568	22.3	23.59
Q31QC4	407	22.84	24.76
Q31QC5	425	21.73	23.92
Q31QC6	1097	22.26	24.2
Q31QC7	231	22.98	25.14
Q31QC8	109	22.78	23.6
Q31QC9	583	24.33	26.83
Q31QD0	489	22.12	23.87
Q31QD1	204	22	23.77
Q31QD2	211	23.04	25.1
Q31QD3	211	25.24	28.02
Q31QD4	402	22.23	23.9
Q31QD5	262	22.35	24.42
Q31QD6	153	23.13	24.77
Q31QD7	306	21.52	23.85
Q31QD8	35	24.83	28.89
Q31QD9	144	21.57	23.14
Q31QE1	31	27.93	31.69
Q31QE2	168	21.87	23.07
Q31QE3	307	22.69	24.31
Q31QE4	277	21.99	24.13
Q31QE5	184	21.06	23.41
Q31QE6	114	22.06	23.61
Q31QE7	95	23	24.66
Q31QE8	277	26.58	29.2
Q31QE9	112	22.91	24.48
Q31QF0	539	22.54	24.24
Q31QF1	386	21.82	23.69
Q31QF2	555	20.42	22.85
Q31QF3	249	20.78	23.7
Q31QF4	341	22.46	25.01
Q31QF5	319	23.33	25.84
Q31QF6	232	21.56	23.49
Q31QF7	271	27.76	30.59
Q31QF8	107	21.55	23.5
Q31QF9	211	22.92	25.16
Q31QG0	126	25.17	26.87
Q31QG1	401	22.29	24.47
Q31QG2	173	23.26	26.09
Q31QG3	317	25.33	27.08
Q31QG4	360	23.79	25.11
Q31QG5	320	22.73	24.13
Q31QG6	165	24.41	27.54
Q31QG7	338	22.27	23.98
Q31QG8	194	23.2	24.72
Q31QG9	46	25.84	29.32
Q31QH0	103	23.33	24.27
Q31QH1	206	21.91	23.08
Q31QH2	248	22.92	24.65
Q31QH3	449	23.46	25.95
Q31QH4	632	22.51	24.46
Q31QH5	304	20.72	22.72
Q31QH6	534	21.83	23.18
Q31QH7	323	22.05	23.88
Q31QH8	473	23.61	25.21
Q31QH9	70	24.12	26.46
Q31QI0	113	23.31	25.66
Q31QI3	188	23.52	26.37
Q31QI4	243	21.53	23.69
Q31QI5	529	23.38	25.14
Q31QI6	806	22.65	24.17
Q31QI7	161	24.19	26.12
Q31QI9	283	24.42	26.73
Q31QJ0	180	23.4	25.07
Q31QJ1	75	23.26	27.7
Q31QJ2	433	22.77	25.31
Q31QJ4	67	19.68	21.06
Q31QJ5	181	22.49	24.5
Q31QJ6	635	22.62	24.52
Q31QJ7	588	22.88	25.51
Q31QJ8	430	21.17	23.69
Q31QJ9	137	23.35	25.44
Q31QK1	81	22.5	25.45
Q31QK2	205	22.68	24.36
Q31QK3	141	21.81	24.33
Q31QK4	237	22.06	24.31
Q31QK5	175	21.24	24.14
Q31QK6	128	19.92	22.63
Q31QK7	380	21.68	23.06
Q31QK8	68	24.37	26.96
Q31QK9	286	23.73	25.62
Q31QL0	254	23.61	25.26
Q31QL1	619	21.78	23.81
Q31QL2	588	22.05	23.43
Q31QL4	459	22.18	23.96
Q31QL5	665	24.86	27.81
Q31QL6	392	23.11	25.3
Q31QL7	234	20.53	22.2
Q31QL8	211	27.14	29.52
Q31QL9	426	22.16	24.47
Q31QM0	125	21.91	23.85
Q31QM1	353	21.51	23.49
Q31QM2	114	23.45	24.73
Q31QM3	559	22.35	24.51
Q31QM4	162	22.99	24.67
Q31QM5	386	23.88	26.01
Q31QM6	796	21.31	22.76
Q31QM9	198	23.38	24.96
Q31QN0	108	23.02	25.1
Q31QN1	226	23.93	25.8
Q31QN2	327	24.16	26.07
Q31QN3	247	22.39	24.62
Q31QN4	430	23.29	25.76
Q31QN5	202	23.07	25.17
Q31QN6	86	23.1	25.27
Q31QN7	510	23.54	25.1
Q31QN8	200	23.3	25.14
Q31QN9	590	21.24	22.93
Q31QP0	279	23.44	25.61
Q31QP1	310	24.86	27.05
Q31QP2	182	23.82	26
Q31QP3	558	23.14	24.65
Q31QP4	250	21.92	24.15
Q31QP5	360	21.95	23.89
Q31QP6	108	21.94	24.87
Q31QP7	115	23.88	26.67
Q31QP8	220	23.43	24.48
Q31QP9	391	22.19	23.77
Q31QQ0	909	23.65	25.59
Q31QQ1	246	23.19	24.75
Q31QQ2	406	20.57	22.39
Q31QQ3	241	21.53	24.08
Q31QQ4	364	21.69	23.69
Q31QQ5	334	23.77	25.52
Q31QQ6	115	21.9	23.82
Q31QQ7	605	22.83	24.78
Q31QR0	56	23.29	25.63
Q31QR1	286	20.9	22.81
Q31QR2	187	23.03	25.32
Q31QR3	276	22.87	24.63
Q31QR4	78	22.4	23.35
Q31QR5	146	22.54	24.06
Q31QR6	457	25.89	29.09
Q31QR7	447	22.06	24.46
Q31QR8	311	22.74	24.12
Q31QR9	438	22.3	24.21
Q31QS0	449	23.44	25.34
Q31QS1	251	22.32	24.07
Q31QS2	220	22.23	24.85
Q31QS3	237	21.98	24.24
Q31QS4	666	22.96	24.61
Q31QS5	151	24.59	26.63
Q31QS6	331	21.14	23.13
Q31QS7	234	23.24	24.98
Q31QS8	297	21.43	23.69
Q31QS9	204	23.59	25.87
Q31QT0	63	22.62	24.39
Q31QT1	237	23.33	25.5
Q31QT2	239	26.1	27.23
Q31QT3	363	21.49	23.59
Q31QT4	450	20.92	22.23
Q31QT5	372	21.77	23.47
Q31QT6	123	24.39	27.89
Q31QT7	127	23.54	24.67
Q31QT8	253	24.13	27.46
Q31QT9	386	21.19	22.09
Q31QU0	169	23.7	25.78
Q31QU2	230	25.23	28.3
Q31QU3	99	25.27	26.81
Q31QU4	187	22.07	23.89
Q31QU5	297	22.75	24.24
Q31QU6	76	21.69	22.84
Q31QU7	153	24.38	26.58
Q31QU8	249	25.33	28.65
Q31QU9	668	22.64	25.08
Q31QV0	417	21.45	23.62
Q31QV1	80	20.27	22.77
Q31QV2	81	22.87	24.91
Q31QV3	641	22.64	24.6
Q31QV4	78	23.18	26.18
Q31QV5	117	23.69	26.71
Q31QV6	287	22.26	24.63
Q31QV7	317	23.1	24.61
Q31QV8	239	22.19	23.92
Q31QV9	329	25	26.86
Q31QW0	278	22.8	24.52
Q31QW1	293	25.99	29.7
Q31QW2	368	22.26	24.55
Q31QW3	135	22.91	24.88
Q31QW4	129	23.89	26.81
Q31QW5	123	22.55	24.84
Q31QW6	195	22.99	24.91
Q31QW7	213	21.9	23.81
Q31QW8	172	21.39	22.83
Q31QW9	387	25.23	28.36
Q31QX0	775	22.99	24.26
Q31QX1	440	21.43	23.26
Q31QX2	140	22.09	23.94
Q31QX3	140	22.11	24.19
Q31QX4	250	22.53	24.36
Q31QX5	394	24.22	26.96
Q31QX6	325	24.4	27.76
Q31QX7	216	23.31	25.37
Q31QX8	157	23.2	24.68
Q31QX9	376	23.05	24.93
Q31QY0	182	21.31	23.73
Q31QY1	240	22.01	24.52
Q31QY2	345	21.63	23.73
Q31QY3	438	21.9	23.83
Q31QY4	102	25.17	26.33
Q31QY5	188	24.01	25.43
Q31QY6	216	21.48	23.84
Q31QY7	117	22.64	24.68
Q31QY8	331	22.48	25
Q31QY9	837	22.91	24.62
Q31QZ0	58	28.3	32.21
Q31QZ1	229	24.38	26.13
Q31QZ2	178	21.48	22.65
Q31QZ3	117	23.23	25.11
Q31QZ4	494	24.96	26.41
Q31QZ5	315	22.37	23.94
Q31QZ6	45	23.7	28.16
Q31QZ7	681	24.53	26.85
Q31QZ8	459	23.29	25.61
Q31QZ9	442	23.09	24.85
Q31R00	220	24.24	26.37
Q31R01	411	22.21	23.85
Q31R02	445	21.93	23.58
Q31R03	480	24.12	26.74
Q31R04	147	22.48	24.11
Q31R05	589	22.78	24.85
Q31R06	371	21.66	24.06
Q31R07	577	22.53	24.41
Q31R08	604	22.85	25.05
Q31R09	203	25.09	26.6
Q31R10	99	25.61	29.54
Q31R11	136	22.67	24.11
Q31R12	34	26.47	30.72
Q31R13	45	23.39	25.9
Q31R14	368	22.79	24.6
Q31R15	74	21.55	22.3
Q31R16	276	25.66	29.36
Q31R17	177	21.48	22.41
Q31R18	532	22.5	24.49
Q31R21	749	24.51	26.82
Q31R22	241	25.03	27.78
Q31R24	163	23.39	24.89
Q31R25	195	24.2	25.79
Q31R28	369	22.17	24.56
Q31R29	278	22.79	24.89
Q31R34	404	22.04	23.95
Q31R35	159	23.49	25.18
Q31R39	364	22.5	24.91
Q31R45	497	24.08	27.71
Q31R47	375	22.57	24.16
Q31R48	229	22.56	25.05
Q31R49	168	23.78	25.25
Q31R52	251	23.68	25.9
Q31R56	422	24.71	26.52
Q31R58	179	19.73	22.16
Q31R64	72	22.93	24.25
Q31R65	380	21.27	23.02
Q31R66	132	24.65	27.65
Q31R67	521	22.84	24.79
Q31R68	320	21.66	23.42
Q31R69	116	22.34	25.28
Q31R70	502	23.09	24.96
Q31R71	127	22.54	23.8
Q31R72	325	22.53	24.75
Q31R73	390	22.42	24.64
Q31R74	74	28.2	32.31
Q31R75	109	22.7	25.02
Q31R76	266	21.07	23.26
Q31R77	90	26.42	28.46
Q31R78	94	21.49	22.66
Q31R79	217	21.84	24.06
Q31R80	80	23.21	26.66
Q31R81	133	24.07	25.26
Q31R82	332	22.47	24.19
Q31R83	304	22.55	24.62
Q31R84	59	23.23	26.08
Q31R85	174	23.57	24.9
Q31R86	161	23.66	26.47
Q31R87	200	22.68	24.63
Q31R88	250	22.24	24.38
Q31R89	152	24.81	28.1
Q31R90	463	24.5	26.43
Q31R91	513	21.5	23.65
Q31R92	374	20.08	21.34
Q31R93	288	25.11	28.73
Q31R94	226	22.2	24.49
Q31R95	392	23.02	24.99
Q31R96	526	21.65	23.63
Q31R97	383	24.79	27.69
Q31R98	83	25.72	27.42
Q31R99	373	23.69	25.58
Q31RA0	168	23.17	25.36
Q31RA1	469	22.7	24.75
Q31RA2	457	22.71	25.02
Q31RA3	236	27.02	30.18
Q31RA4	228	25.26	29.17
Q31RA5	88	24.94	28.53
Q31RA6	104	28.4	31
Q31RA7	347	22.05	23.32
Q31RA8	127	27.57	30.81
Q31RA9	264	23.33	26.71
Q31RB0	112	23.83	27.05
Q31RB1	508	22.3	23.71
Q31RB2	471	22.58	24.62
Q31RB3	94	19.24	21.61
Q31RB4	428	24.29	26.21
Q31RB5	266	23.91	25.51
Q31RB6	299	24.44	26.01
Q31RB7	434	22.19	24.53
Q31RB8	484	22.86	24.88
Q31RB9	450	22.56	23.91
Q31RC0	307	23.37	26.65
Q31RC1	727	23.77	26.73
Q31RC2	209	21.44	23.54
Q31RC3	183	22.76	24.21
Q31RC4	94	23.03	24.4
Q31RC5	199	27.12	30.68
Q31RC7	398	21.94	24.1
Q31RC8	393	23.55	24.98
Q31RD1	74	26.89	30.56
Q31RD2	137	20.98	22.62
Q31RD3	542	22.38	23.97
Q31RD4	320	23.72	27.01
Q31RD5	202	22.68	24.45
Q31RD6	377	20.09	22.26
Q31RD7	292	22.91	24.97
Q31RD8	186	23.87	27.14
Q31RD9	356	21.46	23.91
Q31RE0	54	21.81	22.62
Q31RE1	259	22	23.47
Q31RE2	256	22.93	24.78
Q31RE3	347	21.02	22.77
Q31RE4	133	21.64	23.88
Q31RE5	75	23.61	24.71
Q31RE6	190	24.06	25.74
Q31RE7	193	25.29	28.11
Q31RE8	359	21.47	23.37
Q31RE9	105	20.85	22.9
Q31RF0	316	21.39	23.58
Q31RF1	505	21.47	23.9
Q31RF2	180	21.55	24.34
Q31RF3	171	20.64	22.7
Q31RF4	158	21.09	22.85
Q31RF5	81	20.45	23.79
Q31RF6	249	25.51	28.86
Q31RF7	168	24	26.54
Q31RF8	414	23.59	25.16
Q31RF9	705	22.96	24.93
Q31RG0	161	21.79	24.22
Q31RG1	161	22.01	25.15
Q31RG2	67	24.91	26.86
Q31RG3	394	24.92	28.42
Q31RG4	252	23.77	27.39
Q31RG5	456	24.08	26.51
Q31RG7	332	22.37	24.25
Q31RG8	272	22.29	24.65
Q31RG9	151	21.77	25.04
Q31RH0	152	21.62	24.59
Q31RH1	63	25.13	26.54
Q31RH2	431	23.11	24.94
Q31RH3	209	24.44	27.32
Q31RH4	170	22.61	25.73
Q31RH5	142	23.67	25.58
Q31RH6	279	22.29	24.01
Q31RH7	314	21.76	23.73
Q31RI1	102	25.18	27.73
Q31RI2	76	20.76	23.05
Q31RI3	215	22.36	24.33
Q31RI4	384	22.67	24.84
Q31RI5	479	22.11	23.74
Q31RI6	120	22.57	24.42
Q31RI7	345	21.28	23.54
Q31RI8	249	22.1	24.08
Q31RI9	215	25.56	28.44
Q31RJ0	613	21.89	24.17
Q31RJ1	671	21.59	23.12
Q31RJ2	395	23.69	25.23
Q31RJ4	112	22.24	23.99
Q31RJ5	408	22.06	24.25
Q31RJ6	72	22.89	24.47
Q31RJ7	378	22.17	24.66
Q31RJ9	452	21.5	23.62
Q31RK0	231	26.16	30.06
Q31RK1	120	24.57	26.58
Q31RK2	113	21.75	23.45
Q31RK3	102	21.61	23.55
Q31RK4	334	21.67	23.51
Q31RK5	427	22.42	24.55
Q31RK6	357	24.53	28
Q31RK7	421	22.02	24.12
Q31RK8	534	22.17	24.23
Q31RK9	165	22.49	24
Q31RL0	679	21.77	23.54
Q31RL1	490	21.88	23.93
Q31RL2	110	23.96	26.3
Q31RL3	112	23.57	25.82
Q31RL4	209	22.95	24.43
Q31RL8	293	23.71	25.42
Q31RL9	160	23.77	25.46
Q31RM0	242	23.12	25.03
Q31RM1	185	21.99	23.62
Q31RM2	91	23.11	25.26
Q31RM3	251	23.62	25.46
Q31RM4	306	22.15	24.68
Q31RM5	464	21.79	23.96
Q31RM6	199	22.82	24.57
Q31RM7	824	22.15	24.22
Q31RM8	110	20.29	22.01
Q31RM9	146	24.6	26.8
Q31RN0	249	23.87	27.38
Q31RN1	408	22.56	24.5
Q31RN2	426	23.53	25.16
Q31RN3	856	22.08	23.85
Q31RN4	152	24.67	26.02
Q31RN5	75	23.15	23.94
Q31RN6	256	23.06	24.69
Q31RN7	155	20.9	23.41
Q31RN8	261	22.63	23.88
Q31RN9	396	25.66	28.74
Q31RP0	377	25.19	28.22
Q31RP1	359	22.14	24.69
Q31RP2	353	22.37	24.34
Q31RP3	844	24.44	26.31
Q31RP4	47	23.68	27.09
Q31RP5	369	22.6	26.31
Q31RP6	455	22.1	23.88
Q31RP7	163	23.14	25.58
Q31RP8	112	22.63	24.92
Q31RP9	393	24.69	27.28
Q31RQ0	192	21.52	23.09
Q31RQ1	179	23.26	25.01
Q31RQ2	171	22.68	25.09
Q31RQ3	330	23.47	25.3
Q31RQ4	141	23.93	26.13
Q31RQ5	448	20.89	22.73
Q31RQ6	174	24.3	26.24
Q31RQ7	348	24.17	27.37
Q31RQ8	187	19.8	21.83
Q31RQ9	86	25.2	26.58
Q31RR0	208	22.52	24.59
Q31RR1	91	22.03	23.82
Q31RR2	67	26.41	30.22
Q31RR3	46	23.42	26.05
Q31RR4	136	24.72	25.68
Q31RR5	288	22.69	24.42
Q31RR6	345	21.5	23.96
Q31RR7	252	22.16	24.93
Q31RR8	106	22.34	23.41
Q31RR9	55	24.31	25.66
Q31RS0	252	23.33	24.91
Q31RS1	338	22.68	24.6
Q31RS2	129	25.97	28.03
Q31RS3	307	24.07	27.28
Q31RS4	181	24.54	26.28
Q31RS5	362	21.56	23.1
Q31RS6	491	23.27	25.3
Q31RS7	133	23.46	25.53
Q31RS8	199	22.03	23.87
Q31RS9	923	23.63	25.36
Q31RT0	56	23.34	23.24
Q31RT1	462	23.06	25.14
Q31RT2	338	24.38	25.98
Q31RT3	154	23.68	25.36
Q31RT4	368	22.05	23.53
Q31RT5	483	26.68	29.85
Q31RT6	250	23.9	26.06
Q31RT7	178	25.3	28.33
Q31RT8	308	24.26	27.02
Q31RT9	478	22.68	24.64
Q31RU1	493	23.66	25.47
Q31RU2	142	19.33	22.62
Q31RU3	953	22.67	24.73
Q31RU4	74	22.97	24.02
Q31RU5	158	26.45	30.18
Q31RU6	382	22.52	25.33
Q31RU7	374	22	23.89
Q31RU8	575	23.69	25.58
Q31RU9	578	22.42	24.14
Q31RV0	347	22.68	25.35
Q31RV1	83	22.86	25.31
Q31RV2	508	22.18	24.09
Q31RV3	363	23.94	27.04
Q31RV4	129	23.56	25.88
Q31RV5	241	22.73	24.48
Q31RV6	457	23.98	26.64
Q31RV7	290	24.06	26.85
Q31RV8	117	23.72	26.82
Q31RV9	325	22.87	25.11
Q31RW0	262	28.59	31.89
Q31RW1	133	22.73	23.81
Q31RW2	70	23.18	26.97
Q31RW3	292	21.22	22.77
Q31RW4	289	22.44	24.31
Q31RW5	97	23.8	25.35
Q31RW6	372	22.26	24.34
Q31RW7	84	21.52	22.52
Q31RW8	723	22.84	25.29
Q31RW9	227	19.85	21.21
Q31RX0	76	23.16	24.55
Q31RX1	317	22.27	24.16
Q31RX2	166	24.92	27.05
Q31RX3	139	23.1	25.47
Q31RX4	249	23.38	25.12
Q31RX5	116	22.8	24.94
Q31RX6	180	22.9	24.23
Q31RX7	311	22.45	24.29
Q31RX8	144	24.18	24.73
Q31RX9	391	22.36	24.69
Q31RY0	172	21.69	22.13
Q31RY1	543	22.47	24.91
Q31RY2	76	23.88	26.64
Q31RY3	205	22.88	24.74
Q31RY4	93	21.11	22.78
Q31RY5	365	24.62	27.97
Q31RY6	796	22.56	24.49
Q31RY7	388	24.8	27.39
Q31RY8	185	23.54	24.92
Q31RY9	514	23.39	25.45
Q31RZ0	110	25.3	27.58
Q31RZ1	231	22.61	24.61
Q31RZ2	107	20.99	23.67
Q31RZ3	150	25.34	28.15
Q31RZ4	326	23.38	25.97
Q31RZ5	464	21.97	24.73
Q31RZ6	314	23.68	26.56
Q31RZ7	132	26.39	28.23
Q31RZ8	612	22.75	24.67
Q31RZ9	200	23.77	25.35
Q31S00	387	24.06	25.81
Q31S01	435	23.39	24.58
Q31S02	211	23.28	25.28
Q31S03	435	25.37	28.49
Q31S04	279	24.71	26.27
Q31S05	349	22.47	24.14
Q31S06	941	24.55	26.82
Q31S07	195	20.94	22.94
Q31S08	143	22.87	24.1
Q31S09	432	20.82	22.31
Q31S11	258	21.95	24.58
Q31S12	209	22.6	24.58
Q31S13	199	23.34	24.59
Q31S14	29	22.6	23.88
Q31S15	525	23.39	26.21
Q31S16	408	23.04	24.77
Q31S17	161	22.89	24.16
Q31S18	185	22.21	23.72
Q31S19	494	22.49	24.58
Q31S20	443	25.17	27.94
Q31S21	324	22.52	24.25
Q31S22	171	22.67	23.47
Q31S23	123	25.34	28.76
Q31S24	30	25.54	30.88
Q31S25	484	23.79	25.33
Q31S26	531	22.77	24.66
Q31S27	185	23.33	24.19
Q31S28	168	22.89	25.27
Q31S29	86	23.33	23.83
Q31S30	472	21.88	24.1
Q31S31	192	23.28	25.09
Q31S32	574	22.46	24.76
Q31S33	258	22.85	24.88
Q31S34	125	21.8	23.65
Q31S35	187	23.6	25.03
Q31S36	444	23.38	25.45
Q31S37	184	22.44	23.96
Q31S38	109	21.81	23.47
Q31S39	594	21.31	23.51
Q31S40	1263	22.86	24.74
Q31S41	173	20.95	23.83
Q31S42	249	23.72	25.39
Q31S43	311	21.99	23.26
Q31S44	215	21.5	23.2
Q31S45	115	23.23	25.57
Q31S46	203	23.78	25.25
Q31S47	327	22.35	24.38
Q31S48	244	22.76	24.91
Q31S49	240	23.39	25.11
Q31S50	503	24.29	27.12
Q31S51	694	24.38	26.45
Q31S52	228	23.07	25.15
Q31S55	582	23.62	25.98
Q31S56	69	22.81	24.22
Q31S57	407	21.66	24.54
Q31S58	148	20.97	22.71
Q31S59	149	23.23	24.38
Q31S60	229	21.66	23.4
Q31S61	253	22.52	24.89
Q31S62	437	23.05	24.89
Q31S63	117	23.32	24.95
Q31S64	398	23.51	25.29
Q31S65	217	23.96	25.45
Q31S66	399	22.42	24.25
Q31S67	186	24.02	25.07
Q31S68	98	21.62	22.64
Q31S69	329	21.85	23.23
Q31S70	269	23.98	27.77
Q31S71	504	22.67	24.74
Q31S72	184	22.91	24.4
Q31S73	55	23.61	26.24
Q31S74	146	24.04	24.82
Q31S75	257	25.09	27.1
Q31S76	368	23.96	25.7
Q31S77	92	24.51	26.48
Q31S78	81	22.28	24.49
Q31S79	181	22.91	24.26
Q31S80	410	23.02	25.22
Q31S81	375	24.62	26.98
Q31S82	227	25.66	28.59
Q31S83	255	23.17	25.24
Q31S84	382	24.69	27.84
Q31S85	172	25.57	28.15
Q31S86	633	24.3	27.29
Q31S87	848	23.97	26.27
Q31S88	144	20.45	23.78
Q31S89	144	20.42	23.7
Q31S90	788	24.08	25.85
Q31S91	447	23.93	26.37
Q31S92	451	23.97	25.7
Q31S93	660	22.9	24.48
Q31S94	121	24.45	25.79
Q31S95	78	24.68	26.94
Q31S96	434	23.45	26.96
Q31S97	125	23.15	25.31
Q31S99	158	23.9	25.47
Q31SA0	67	25.32	26.41
Q31SA1	261	24.38	25.45
Q31SA2	252	22.54	24.65
Q31SA3	37	25.83	29.36
Q31SA4	110	24.46	26.49
Q31SA5	117	23.35	25.32
Q31SA6	424	23.21	25.49
Q31SA7	210	22.25	24.54
Q31SA8	273	22.84	24.36
Q31SA9	222	25.09	26.43
Q31SB0	388	22.18	24.04
Q31SB1	325	22.26	24.33
Q31SB2	568	22.81	24.55
Q31SB3	396	24.98	26.17
Q31SB4	354	23.18	26.96
Q31SB5	389	23.22	25.66
Q31SB6	246	22.45	24.33
Q31SB7	200	23.65	24.7
Q31SB9	728	21.85	23.95
Q31SC0	187	22.12	24.37
Q31SC1	194	25.57	28.03
Q31SC2	223	23.29	25.49
Q31SC3	114	26.27	30.78
Q31SC4	235	21.25	23.04
Q31SC5	107	23.1	24.72
Q31SC6	158	22.04	22.69
Q31SC7	208	25.23	28.23
Q31SC8	400	22.62	24.86
Q31SC9	107	25.59	27.54
Q31SD0	116	21.15	22.37
Q31SD1	137	21.27	23.2
Q31SD2	531	24.73	28
Q31SD5	290	22.7	23.77
Q44115	273	21.58	23.6
Q44116	207	20.54	22.67
Q54704	414	20.48	22.44
Q54705	446	21.28	22.83
Q54709	445	22.4	24.15
Q54710	160	25.32	28.76
Q54711	215	26.87	29.9
Q54731	233	21.91	23.82
Q54732	65	22.08	22.96
Q54734	402	23.21	25.49
Q54755	453	22.76	24.63
Q54756	574	24.03	26.94
Q54757	327	21.71	23.69
Q54760	185	22.8	25.31
Q54761	158	21.75	23.48
Q54762	1000	21.45	21.76
Q54763	409	22.12	24.16
Q54764	231	23.71	25.92
Q54765	341	23.37	25.56
Q54766	327	22.12	23.97
Q54767	245	21.36	23.79
Q54769	213	22.6	24.22
Q54771	102	23.47	26.15
Q54772	120	22.61	24.17
Q54773	113	24.19	25.74
Q54774	128	24.88	26.26
Q54775	546	22.91	24.74
Q54776	305	22.89	24.82
Q54777	145	22.33	24.08
Q54975	395	21.89	23.67
Q55019	72	22.52	24.99
Q55024	176	23.33	25.65
Q55025	339	22.88	25.08
Q55026	182	23.43	26.15
Q55027	393	25.03	28.71
Q55032	306	23.05	25.11
Q55038	493	22.3	24.24
Q55039	212	22.53	24.43
Q55041	777	21.85	23.88
Q55106	278	25.48	28.65
Q55107	663	23.2	25.26
Q55108	278	23.62	25.42
Q55235	166	23.33	25.56
Q55244	147	24.01	25.93
Q55267	420	22.06	23.76
Q55276	411	24.24	25.95
Q55283	349	22.49	24.2
Q55309	232	23.98	25.58
Q55311	485	22.05	23.87
Q55357	948	22.91	24.84
Q56002	244	22.53	24.56
Q56207	403	22.3	24.15
Q56208	319	21.07	23.18
Q56209	90	20.88	23.67
Q56210	165	23.55	24.62
Q56211	327	23.22	25.26
Q57311	136	21.9	23.89
Q59943	344	22.89	24.95
Q59948	146	24.05	27.03
Q59966	329	21.32	23.42
Q59967	319	22.71	24.72
Q59984	207	20.96	22.31
Q59988	331	22.73	25.01
Q6BBK3	75	20.49	20.97
Q6V1L5	301	22.1	24.03
Q6VYY4	715	23.38	26.34
Q71MI7	127	22.7	24.9
Q79AV0	100	24.05	25.26
Q79AV1	45	26.44	30.23
Q79N42	638	23.4	25.62
Q79PE8	82	27.32	28.88
Q79PE9	114	22.5	24.98
Q79PF0	86	24.79	26.18
Q79PF1	138	22.87	25.17
Q79PF2	167	22.47	25.3
Q79PF3	335	22.26	24.1
Q79PF4	519	23.21	25.42
Q79PF5	102	23.2	26.59
Q79PF6	284	23.43	25.24
Q79PF9	125	22.24	25.12
Q79PG0	269	26.87	29.85
Q79PG5	285	23.55	25.41
Q7BW13	263	25.41	29.14
Q7X386	89	24.91	27.33
Q7X4K8	198	23.44	26.11
Q8GA98	542	22.24	24.33
Q8GAA0	636	22.74	24.8
Q8GAA2	232	24.13	25.94
Q8GAA4	227	22.55	24.47
Q8GAA5	351	24.19	26.94
Q8GAA6	384	23.47	24.97
Q8GIR7	213	21.21	22.81
Q8GIR9	462	22.29	24.14
Q8GIS0	53	25.33	28.61
Q8GIS1	466	22.47	24.33
Q8GIS3	298	21.99	23.94
Q8GIS4	124	23.63	25.7
Q8GIS6	300	24.86	27.15
Q8GIS7	410	19.98	22.15
Q8GIS8	197	21.22	23.77
Q8GIT0	230	21.43	24.03
Q8GIT1	197	21.47	23.55
Q8GIT2	526	21.72	24.36
Q8GIT3	72	21.85	24.46
Q8GIT6	306	22.52	24.24
Q8GIT7	645	22.85	24.83
Q8GIU0	253	22.01	23.76
Q8GIU1	307	23.28	26.92
Q8GJK4	92	24.44	26.52
Q8GJL0	194	23.88	26.16
Q8GJL3	119	22.07	24.48
Q8GJL5	154	22.52	24.25
Q8GJL9	85	24.6	25.75
Q8GJM0	256	20.34	22.77
Q8GJM5	252	21.76	24.36
Q8GJM6	152	22.16	23.51
Q8GJM7	208	25.62	29.27
Q8GJN0	508	23.12	25.12
Q8GJN4	422	23.61	25.41
Q8GJN6	174	24.06	25.7
Q8GJN7	75	24.34	25.76
Q8GLI4	352	22.43	24.03
Q8GMQ2	125	21.82	24.14
Q8GMQ3	183	21.77	23.7
Q8GMQ4	282	23.15	24.79
Q8GMQ5	402	23.47	25.22
Q8GMQ6	335	23.9	27.5
Q8GMQ8	101	27.41	27.39
Q8GMQ9	188	24.31	26.4
Q8GMR3	222	21.15	22.88
Q8GMR4	413	20.94	23.37
Q8GMR5	228	22.77	24.81
Q8GMR7	428	22.49	23.75
Q8GMR8	81	21.39	23.37
Q8GMR9	209	22.96	24.84
Q8GMS2	251	24.49	27.61
Q8GMS3	205	21.55	24.65
Q8GMS6	157	23.42	25.32
Q8GMS7	145	22.73	24.61
Q8GMT0	113	20.86	23.09
Q8GMT3	277	22.64	23.97
Q8GMT4	79	23.56	27.3
Q8KIY0	294	21.71	23.6
Q8KPP0	39	23.74	28.13
Q8KPP1	40	25.68	29.69
Q8KPP2	44	25.57	28.19
Q8KPP3	83	24.97	27.28
Q8KPP5	138	22.21	24.03
Q8KPP6	133	26.92	30.47
Q8KPQ0	300	23.81	25.73
Q8KPQ2	91	23.82	24.48
Q8KPQ5	130	22.88	25.23
Q8KPQ7	183	22.16	23.63
Q8KPR0	240	21.4	22.74
Q8KPR2	78	22.51	25.01
Q8KPR4	295	22.21	24.51
Q8KPR8	476	23.87	25.97
Q8KPS3	91	22.63	24.34
Q8KPS4	87	26.03	28.51
Q8KPS6	86	22.79	24.9
Q8KPS7	392	24.12	26.65
Q8KPS9	248	23.41	25.35
Q8KPT7	146	24.35	27.08
Q8KPT8	436	22.4	24.36
Q8KPU0	492	24.16	26.14
Q8KPU2	462	21.5	23.36
Q8KPU3	559	24.31	25.88
Q8KPU8	279	24.05	26.93
Q8KPU9	584	22.5	24.53
Q8KPV0	463	23.8	27.01
Q8KPV1	681	23.58	25.64
Q8KPV3	266	22.41	24.92
Q8KUT3	278	23.38	25.74
Q8KUT5	92	24.95	26.67
Q8KUU1	192	22.7	24.88
Q8KUU2	144	23.79	25.4
Q8KUU3	181	24.97	26.68
Q8KUU4	119	23.76	25.79
Q8KUU5	626	22.02	23.81
Q8KUU6	116	20.44	22.28
Q8KUU7	88	21.68	22.28
Q8KUU8	203	20.86	23.16
Q8KUU9	274	21.32	22.51
Q8KUV0	109	23.16	25.33
Q8KUV1	116	22.72	25.16
Q8KUV2	320	23.55	25.03
Q8KUV5	196	24.55	26.09
Q8KUV6	224	23.1	24.98
Q8KUV7	241	22.79	25.33
Q8KUV9	143	21.78	23.49
Q8KUW1	109	21.73	21.97
Q8KUW2	97	25.19	26.63
Q8KUW5	95	21.44	22.14
Q8KUW7	319	21.45	24.07
Q8KUX0	71	24.12	25.26
Q8KUX3	304	22.99	25.75
Q8KUX4	999	22.63	24.69
Q8L1E4	593	22.57	25.45
Q8L1E5	481	22.76	24.92
Q8RQ68	664	22.76	25.12
Q8VPU8	599	23.26	25.15
Q8VPU9	496	24.54	28.1
Q8VPV2	408	24.33	28.04
Q8VPV3	379	24.45	26.56
Q8VPV4	634	25.03	28.45
Q8VPV6	133	21.45	24.12
Q8VPV7	430	25.59	27.68
Q8VPV9	612	24.87	28.42
Q8VW88	357	22.2	24.21
Q935W9	313	23.82	27.66
Q935X0	399	21.25	23.35
Q935X2	354	22.1	24.02
Q935X4	321	23.14	25.51
Q935X6	218	22.39	24.54
Q935X8	398	21.83	23.95
Q935Y0	70	23.18	25.22
Q935Y1	167	24.59	25.54
Q935Y2	452	22.51	24.14
Q935Y4	305	21.92	23.93
Q935Y7	465	25.6	27.97
Q935Z1	442	22.71	25.16
Q935Z2	308	21.08	23.61
Q935Z3	474	21.08	22.68
Q93AK0	631	22.19	23.65
Q99QJ5	329	22.22	24.22
Q9ALA6	240	27.09	29.83
Q9ALA7	111	24.45	26.64
Q9F1R2	323	22.88	25.08
Q9F1R3	310	21.86	23.75
Q9KHA8	518	22.47	25.46
Q9KHI5	754	22.86	24.63
Q9L4P3	199	23.29	25.61
Q9L4P4	228	23.24	25.49
Q9L790	320	22.47	24.21
Q9R6U1	377	23.17	25.33
Q9R6V0	266	24.73	27.8
Q9R6V1	407	23.32	25.27
Q9R6V2	270	22.5	24.2
Q9R6V3	353	22.51	24.68
Q9R6V4	175	21.91	23.52
Q9R6V5	508	22.68	24.13
Q9R6V6	329	21.27	23.43
Q9R6W2	339	22.69	25.42
Q9WWL7	333	22.14	24.22
Q9WWQ0	260	21.56	23.31
Q9Z3G1	37	24.27	27.74
Q9Z3G2	145	21.68	23.73
Q9Z3G5	219	20.88	23.07
Q9Z3G6	238	23.35	25.76
Q9Z3H5	127	22.09	24.51
Q9Z3H6	88	21.67	23.98
