ID	default.pvalue	period	phase	amplitude
Q31RN5	0.0131034045561451	23.7951807228916	20.2978946598493	1.61919187880365
Q31QG0	0.00229640649807672	24.6740901683867	21.9330632763185	1.39813638756304
Q31KQ3	0.0255283109534422	23.8953182535508	17.8723388078355	1.3907869306569
Q31KI8	0.0033531026106145	23.7454260324098	21.3178496445188	1.43545126167148
Q31PT9	0.0532731993407525	24.1237387148168	20.8633976394993	1.38106004154928
Q31PT4	0.270493054424751	25	1.2792440473001	1.5133311026745
P38043	0.936568608476481	25	16.0225251693881	1.06557453915179
Q31S87	0.73754064185205	23	14.6002742269125	1.03845454014551
Q31RB8	0.881355259455007	25	18.9880769603761	1.01253617725214
Q31PR6	0.999999999666961	25	0.499941261374303	1.16852085921798
Q31PE9	0.376766954567674	25	24.1661031873344	1.1617986408465
Q31LA5	0.0321125774842289	25	19.0630081432712	1.17934738528162
Q31KD9	0.00840271932756631	23.7951807228916	10.6183873013722	1.185268571377
P39660	0.999997538639607	24.1237387148168	18.1831978554248	1.05241159539723
Q6VYY4	0.984416999861119	23	11.8353834899192	1.12396549348591
Q07948	0.146627222566192	23	22.8136071743041	1.07104696075428
O50208	0.326988418302301	25	16.9154957810707	1.07679583579783
Q935Z1	0.0635773042758663	24.9725123694338	23.6538345668012	1.13110421577807
Q935Y1	0.999646402149474	23	4.4999412613743	1.21488473304333
Q935X4	0.972250104817919	25	6.50005939427376	1.06686858364129
Q54705	0.381585637420471	23.6219448777951	15.149076893435	1.07996546173008
Q54704	0.673370921297277	23	15.4525365714008	1.0581945559032
Q935X0	0.472819605239333	25	15.2336318822618	1.09931750260466
Q8GIT2	0.261789976268882	25	12.0232766524389	1.13730766409698
Q8GIS8	0.99999999972882	23	11.6073799938217	1.03342761868665
Q8GIS7	0.0183305497816336	25	10.6504360676122	1.12942749550349
Q8GIS6	0.370337863619678	23.5240807871569	21.9256175834739	1.15089434118621
Q8GIS3	0.15748972280293	25	20.8308773738977	1.07209335003764
Q935Y0	0.115660145790007	25	20.0532666373594	1.06124999025002
Q935X8	0.212871122285269	23	18.5542309531595	1.05241901055051
Q935X2	0.55970884949448	23	20.954226404852	1.09833308572884
Q8GIT7	0.970924341713427	23	13.5296781795629	1.09467896775113
Q8GIR9	0.99963174472655	25	14.5569949864366	1.22503777149923
Q8KPU3	0.738812501540759	23	13.9498307688259	1.045796025115
O33699	0.278616747330353	25	20.2711387194862	1.19348095346968
Q54765	0.999999875404405	23	20.028565634362	1.04347430199058
Q8KPT7	0.996205110492326	23	4.4999412613743	1.04412117024271
Q79PG5	0.273091522859243	25	19.1315525422793	1.10155606717598
Q8KPS6	0.0867560042716616	25	19.4037756053478	1.11977327884596
Q8KPS4	0.42583349038193	25	22.043294866564	1.05025735672695
Q8KPR8	0.972572430219881	23	16.1975211584435	1.23848732231675
Q79PF2	0.99999670852176	25	0.683801383586498	1.0513760252355
Q8KPR2	0.392337251051532	25	19.4429711196994	1.05452480785091
Q8KPQ5	0.89116129453249	25	23.4779571087887	1.07206605935375
Q8KPQ2	0.998684335334887	25	0.499941261374303	1.18449922177441
Q8KPQ0	0.360865061754896	25	24.1190559473289	1.11758062774031
Q8GJL5	0.0961696301438764	25	21.042921071163	1.10027243222196
Q79N42	0.926990497673484	23	6.50005939427376	1.12047935638571
Q8GJN7	0.194740456824226	25	16.815990107979	1.12562257049928
Q8GJM6	0.369450489936606	23	2.9285103000008	1.09807594226781
Q8GJM5	0.0445968974547238	24.6740901683867	22.3969243924525	1.06163274175333
Q8GJL3	0.726986352287389	25	16.6808042441791	1.00822473772468
Q31SD5	0.999988369993113	25	15.5133959070359	1.39245669930748
Q31SD1	0.146337508996289	24.7547683923706	16.2210916212071	1.08818173154336
Q31SD0	0.993992582577098	25	12.7396762459774	1.05500347597949
Q31SC6	0.730769728026072	23.8702049395691	2.5805220785155	1.09768254357662
Q31SC4	0.0201782372347483	23.3307652799178	2.9631805882855	1.15820277996997
Q31SC2	0.111908976420904	25	18.8505118785332	1.05470140587333
Q31SB6	0.993614952773459	23	19.9670489043907	0.955861470757951
Q31SB1	0.680915396297919	23	12.3227142821326	1.0631690844312
Q31SA9	0.276506222689318	25	21.4160290871723	0.969904970601753
Q31SA7	0.750738571574616	25	0.499941261374303	1.3573769577026
Q31SA6	0.0182556258925324	23.7702773417059	19.9162895833444	1.23875745484104
Q31S93	0.572945040491897	23	3.1383744334602	1.05888734186861
Q31S91	0.685427604618327	25	12.9838706234302	1.06214206269117
Q31S90	0.164819364102631	23	14.3453179219527	1.21736555192289
Q31S88	0.999999998587928	25	0.499941261374303	1.12838320630133
Q31S84	0.999999999889122	23	18.7988554391795	1.04518020146718
Q31S83	0.146956451861691	25	22.7112484176933	1.09458611035703
Q31S82	0.999999968325763	23	2.1702049648591	1.03695267047147
Q31S80	0.421959494954372	23.0935434672089	3.9895416933857	1.24075918444786
Q31S75	0.0830620658687375	25	18.50774524142	1.37320616058901
Q31S69	0.885273364204281	25	16.3647810438118	1.04161610319454
Q31S66	0.999198529437023	23	3.9094813222225	1.04478775098344
Q31S65	0.512852283428608	25	17.6995672310608	1.05568816799324
Q31S62	0.134404912378722	25	22.5163074485956	1.0997557110383
Q31S61	0.999758854176433	25	18.4182612497216	1.01946283882418
Q31S60	0.0808634947277482	25	20.9384623790861	1.06151914714277
Q31S59	0.788492252964373	23.8953182535508	2.2436920124349	1.05010111810492
Q31S58	0.0427954679524372	25	22.2184301464868	1.08079241435629
Q31S56	0.511386750265178	25	20.2314816822925	1.03690550592572
Q31S55	0.138994459017275	24.4614970382337	18.4821659654763	1.06145979021717
Q31S51	0.0822353376786317	23	17.2295190024419	1.04514951637111
Q31S49	0.0995313941399973	25	21.5187723079845	1.09785097713758
Q31S48	0.16059262931571	25	20.4215982676339	1.06858126332284
Q31S47	0.999999997881187	23	6.50007266417105	1.10817997192003
Q31S45	0.801000734228151	23	4.4999412613743	2.16665191191607
Q31S42	0.346198774399725	23.023314749113	5.4361392143085	1.04246831453148
Q31S41	0.0492313826549734	24.2784607161945	20.2071466439591	1.09052668964116
Q31S39	0.0274686590214985	25	20.2549428407297	1.06402129437775
Q31S38	0.133885770715185	25	22.0067955403472	1.05536483029065
Q31S37	0.00714291044913917	25	18.3930493167895	1.09771230082442
Q31S36	0.972614930298313	23	4.4999412613743	1.12702460860315
Q31S35	0.573027016999713	25	22.1861646985449	1.08126242345838
Q31S32	0.195301227665327	23	17.5876824970854	1.0647642579841
Q31S29	0.109950534535889	25	19.3532060930247	1.00440055016126
Q31S28	0.120312063097926	23.9204844655082	23.3774828830324	1.10396486523885
Q31S27	0.0897336198005337	25	17.0345484976595	1.06094232202381
Q31S26	0.999752541718337	25	9.54059869941702	1.04682829122727
Q31S25	0.992078040299064	25	22.6636039702323	1.06145242649551
Q31S13	0.285662388874279	25	21.1145184406583	1.06242989606296
Q31S11	0.268105857367536	25	15.1829906529007	1.06524947214968
Q31S09	0.162847594864724	25	19.0990063069229	1.03109918730515
Q31S08	0.0963836524136419	25	23.3964773806006	1.02992603590135
Q31S07	0.188473433199004	25	15.2859025307697	1.05142908038207
Q31S06	0.250586612632445	23	15.4735574002863	1.05826072802056
Q31RZ8	0.849996310374286	23	22.5924636389298	1.08956726655566
Q31RZ4	0.880285438137255	23	22.456066129887	1.08590885769093
Q31RY9	0.604774651846692	23.0466768138001	21.6475333138638	1.07528236938392
Q31RY6	0.826136650140024	23.3787956767885	15.0167905033087	1.03079717804869
Q31RY3	0.307096497497889	23	0.206243701434801	1.05297415250421
Q31RY1	0.746762376496545	23	22.8579793441511	1.01610646594032
Q31RX9	0.542250110431294	23	21.29555674438	1.09780175960456
Q31RX8	0.999461502613174	23	3.4889426425275	1.10095400662327
Q31RX5	0.383983656953982	23	3.1737133434285	1.01260488728616
Q31RX4	0.0250074691618043	25	22.7983164788508	1.13689642634768
Q31RX3	0.732476299802053	23	22.6160523834418	1.04407757196444
Q31RX1	0.202232863310246	25	15.2346427547098	1.0344695397974
Q31RX0	0.210472966054802	25	20.6633785662518	1.11519648582719
Q31RW9	0.185079835692646	24.5673336938886	15.5435602822596	1.01590709144911
Q31RW8	0.563051649929033	23	16.2182596296137	1.08190738115647
Q31RW7	0.225190557534707	25	20.2374979042628	1.0630931435632
Q31RW6	0.999910850991336	25	6.50005216770191	1.05870496276949
Q31RW5	0.159973364383292	25	20.9062538600293	1.1203497950758
Q31RW4	0.303945151210436	23	3.274240287303	1.08086670241606
Q31RV9	0.625156046578355	23.4997413347129	0.3372689264454	1.08090368782286
Q31RV7	0.286533962568647	25	21.8738508054158	1.03584684172637
Q31RV6	0.0610756761814265	25	21.0647865771781	1.05752653837404
Q31RV5	0.0800205257461745	25	22.4617574996912	1.20900925168658
Q31RV2	0.999971995446944	25	23.2395217765426	1.07258321238787
Q31RU8	0.878531507713398	23	16.4293989818827	1.03694424510522
Q31RU6	0.888257748137037	25	14.9287879757468	1.07660498106903
Q31RU3	0.530500687576174	24.917718047175	15.0528686840647	1.19788318946091
Q31RU1	0.981816296070248	23	0.618768147950298	1.04968770726754
Q31RT9	0.806715738343841	23	17.9639047659092	1.06439282314825
Q31RT5	0.831791450963884	23	19.2934226493031	1.22280870960576
Q31RT3	0.293360666358624	25	22.0510038958178	1.03101508066244
Q31RT2	0.207090572581599	25	19.0448757798908	1.10064679581559
Q31RS9	0.501145880734629	25	19.4601005428793	1.15593756037816
Q31RS4	0.560957906878195	24.945085118067	22.6251485324872	1.04495509536685
Q31RS1	0.999999999999747	23	7.67750326270187	1.18275188429014
Q31RR9	0.212044971764146	25	19.1523767619869	1.11844527995154
Q31RR7	0.0409702912099092	25	23.1756652720723	1.1229746337352
Q31RR6	0.999999999996415	24.8359759431383	6.50004881006877	1.40177259889886
Q31RR5	0.998414397819644	25	21.9240001873614	1.03958223843004
Q31RQ6	0.999138379786368	23	19.5911470225349	1.0860292663135
Q31RQ4	0.0666114051534197	23	12.5200445543795	1.0617127429916
Q31RQ3	0.505726228312982	23	14.2039313069015	1.04654142276696
Q31RQ2	0.0728652179291505	24.3304767005892	17.0438022217777	1.10468652128891
Q31RP7	0.204230259590887	24.3044408774746	22.9555534154883	1.08884016747539
Q31RP6	0.956267385014621	23	3.1902071844518	0.990926931123206
Q31RP4	0.454520596909491	23	8.6583757617342	1.02658381447741
Q31RP3	0.0306989010099666	24.3565683646113	16.2052320286101	1.11798768010165
Q31RN8	0.068383880574133	25	21.6158048404511	1.09496158540528
Q31RN7	0.839780610941726	24.7278170930866	12.9249139507619	0.992614070124761
Q31RN6	0.999999987345089	25	22.4717426746069	1.18523502153016
Q31RN2	0.999999971749826	23	6.50004512698782	1.05950593720673
Q31RN1	0.238901455894582	23	18.7005593328045	1.17021586723108
Q31RM9	0.188022929619324	23	22.7803036609303	1.0568968661092
Q31RM8	0.949838802808774	24.3044408774746	2.1449329743534	1.18203518300918
Q31RM7	0.0919115061139333	24.808847624249	16.9722049779336	1.08278564274252
Q31RM2	0.14080161380394	25	21.7275529988548	1.07817814205143
Q31RL9	0.248373440903771	25	20.2494293697077	1.05640938411764
P42460	0.439476740339407	23	22.0212560866914	1.10810363831056
Q31RL1	0.348292293007493	25	19.0276808167642	1.12560025940468
Q31RK9	0.123036376524202	25	18.12411796673	0.950472934472857
Q31RK7	0.744665882712768	25	19.4914277737984	1.1807243937751
Q31RK2	0.0866781698771536	24.3304767005892	22.830409222269	1.05743863477698
Q31RK1	0.871281608273183	25	19.804702321513	1.03789025774058
Q31RJ5	0.980554518074235	23	17.2944929413623	1.08564015274168
Q31RJ4	0.147021096368266	25	21.8272530441195	1.07863296293329
Q31RJ1	0.234219148140753	25	16.5607549962693	1.05964964308599
Q31RI7	0.0261346720375727	25	22.4009733098673	1.1058961118176
Q31RI6	0.0754540677581751	24.3304767005892	22.863902102405	1.11130436627902
Q31RI5	0.0238038202126388	23.8702049395691	16.02316940187	1.10596670544255
Q31RI3	0.103230377164914	25	22.5572260713606	1.07435235141309
Q31RH5	0.025776353587999	23	21.3585306822145	1.18270340102791
Q31RH4	0.0967711635162195	25	21.9300433653762	1.07282182410121
Q31RH2	0.432322442183487	23	15.7275264111047	1.05698136043972
Q31RH0	0.504140100543157	23	21.6254170557228	1.02192018367602
Q31RG9	0.999997372463005	23	6.50005939427376	1.13939646576533
Q31RG7	0.177329000100645	25	21.9337080509513	1.14156993542825
Q31RG2	0.414615772280405	25	16.2214284338124	1.08160976918446
Q31RG1	0.67646431550892	25	0.213754054352201	1.09813849038364
Q31RG0	0.152206566904111	25	23.0185371779889	1.07517182345004
Q31RF9	0.211456711302502	25	15.2802582741932	1.07675861419737
Q31RF8	0.999999999999749	25	16.4429646559132	1.07170374642445
Q31RE9	0.284494632933187	23	22.7930039964073	1.05751190043754
Q31RE6	0.167247006082445	25	16.289013561738	1.10535962532127
Q31RE5	0.0312052380142495	25	22.2578729379843	1.11472429929677
Q31RE4	0.236613376441371	23.5484707102125	15.1755578545175	1.06102172241979
Q31RE3	0.999993701614657	25	15.9865564452403	1.30178702939443
Q31RE1	0.9896214818974	25	15.0626691168358	1.05577081028585
Q31RE0	0.0222837446980846	25	17.564371100048	1.1193355154712
Q31RC7	0.450044157982452	23	22.0999514911101	1.02586825381703
Q31RC4	0.99585790296847	23	0.3814549318916	1.09743831251519
Q31RC2	0.339539762428984	25	22.4887629863774	1.13244064756429
Q31RB7	0.0367685800005663	25	19.8463373769952	1.04280712010869
Q31RB2	0.917822095116189	23	16.9470772766318	1.0228133829108
Q31RB1	0.999999999999985	25	14.8068689537285	1.01370852805461
Q31RA7	0.0494851353945853	25	22.3124440317206	1.11644852357413
Q31RA4	0.999947400099436	23.0700863382428	18.6162697181958	1.20614923944285
Q31RA2	0.964374419363781	25	12.3923422574154	1.05736974188878
Q31RA0	1	25	20.8856060121337	1.17023147188285
Q31R99	0.76763267339469	25	12.7818973020542	1.15385674659134
Q31R96	0.816653481559069	23	16.9781890336777	1.04646881578832
Q31R95	0.692969871578233	23	17.4651208303749	1.08481744254056
Q31R94	0.999999999503769	25	18.6325020150752	1.02765931777603
Q31R89	0.183672792265343	23.306824012314	18.2345652301172	1.11454745005871
Q31R88	1	23	4.4999412613743	1.10323162082959
Q31R87	0.99562955552784	23	10.8386801617556	1.28768214076158
Q31R81	0.999970570320896	25	14.5750893016041	1.05827837075189
Q31R78	0.336582574145068	25	21.7091571431164	1.15955519805705
Q31R73	0.0263175679959631	25	20.5741613315365	1.07890559103434
Q31R72	0.0076541640092499	24.252536038441	22.9164338866816	1.10613181219816
Q31R71	0.992765976320218	23	10.1360200251857	1.08558686942299
Q31R70	0.989732581515085	23	22.1361900538738	1.04957794182016
Q31R69	0.0667633288552676	23	8.3890891270875	1.07862993366937
Q31R67	0.552355564555827	24.0216816499207	14.3061735504805	1.0538749694287
Q31R65	0.999967582067735	23	4.4999412613743	1.07397942228705
Q31R64	0.0135697362044702	25	22.2930015376056	1.16630701661149
Q31R58	0.282309868396366	23	3.4313694513412	1.08611605016966
Q31R48	0.505975873784395	25	23.0759995849008	1.08350203652061
Q31R47	0.0480535051480743	23	22.5969741676298	1.20568744545633
Q31R39	0.0566688983669247	25	21.5077142035857	1.25413514322574
Q31R35	0.02397199973401	24.5939361126151	18.7694716033933	1.18803556120929
Q31R34	0.947218011452385	23	15.2453998628619	1.10905726688219
Q31R29	0.528113695784769	25	18.7449361599053	1.06974720586962
Q31R28	0.0301842769233065	23.117048346056	2.6934142729488	1.06808553111439
Q31R25	0.0894985182929318	25	20.3419714743457	1.14627387267739
Q31R24	0.374871182474289	25	21.1595868257502	1.0754117254176
Q8GMT0	0.139529183236058	25	21.5077606089834	1.05502077739671
Q31R22	0.37955280635908	25	18.6509695342296	1.1682884780971
Q31R14	0.182586096398207	25	22.3956947055311	1.06806328089664
Q31R11	0.602353826766082	23.4754521963824	22.6846681359627	1.17583568026211
Q31R09	0.674180798489596	25	12.5281931656346	1.32219833774636
Q31R06	0.138880211805597	24.200852424081	14.2816545155162	1.1054125732565
Q31R03	0.999999978675595	25	6.50005939427376	1.66744836740866
Q31R02	0.581283174051418	25	22.6917988472633	1.09182747189188
Q31R01	0.0529256176732046	24.5939361126151	19.2319058324522	1.04867948696445
Q31R00	0.454190530345243	23	0.0819905181500999	1.05119619643015
Q31QZ9	0.40967562918259	25	21.1764415714919	1.07216228648498
Q31QZ7	0.458148356722291	25	20.3112394523494	1.00480198769258
Q31QZ4	0.382002872966007	23	12.0470380783451	1.14711041883258
Q31QZ1	0.999919114757955	25	2.907681123561	1.11113210395032
Q31QY9	0.429487355212748	23	15.4055616633875	1.09492019866465
Q31QY8	0.047522312008824	25	20.974370598743	1.07616433779086
Q31QY6	0.80180570726372	23	0.00994245099499835	1.33251237175765
Q31QY4	0.169647856745657	25	21.6382103560771	1.08437751915121
Q31QY2	0.0511213635584647	25	22.4368305215551	1.06274313253624
Q31QX9	0.983401622628427	25	21.0463448503373	1.0973849690421
Q31QX4	0.0549970212986046	25	17.697336676199	1.09359498385828
Q31QX3	0.183793751247864	25	15.1448271353166	1.06426790874358
Q31QX1	0.0159751878284632	23	9.6521097734037	1.10340292878463
Q31QW8	0.350590658795836	25	21.2857999594253	1.0413978543545
Q31QW7	0.187156667023904	25	20.3557037687423	1.06364044696302
Q31QW6	0.285888499049991	25	20.8710522124523	1.0766285362653
Q31QW5	0.999932787832694	23	4.4999412613743	1.05695225162611
Q31QW4	0.199465408696259	25	16.4261745324118	1.12412873760576
Q31QW3	0.402956607053327	25	20.6328540613506	1.03243271848061
Q31QV9	0.435392623412949	25	20.0469219704173	1.0837070774082
Q31QV8	0.543118276860042	25	21.0851588775259	1.0372348193074
Q31QV6	0.9927547027696	23	10.0769994394777	1.03571011505366
Q31QV5	0.999911762145496	23	6.50008128103381	1.30263632965246
Q31QV3	0.969562252732405	23	6.50004558373153	1.0545679607715
Q31QV0	0.211382210096978	25	18.1938412658102	1.017426151964
Q31QU9	0.983969101163751	25	6.50005903674825	1.06395477555102
Q31QU4	0.75828007877938	23	16.9697483185602	1.09688152237277
Q31QU3	0.108279824966389	23	3.0267009285898	1.10473079570986
Q31QT9	0.0123410630826023	25	23.2333047708392	1.12129851152064
Q31QT5	0.797061569325652	23	19.7291727053884	1.06022721787586
Q31QT3	0.0461742861453559	25	22.6877315015266	1.09231587238475
Q31QT1	0.257213849950325	24.4878706199461	22.1705059991909	1.1206560743867
Q31QS9	0.373745353130315	25	13.8822960803215	0.985863349217738
Q31QS6	0.999928224883372	23	11.5205301058355	1.05774574195551
Q31QS5	0.359043922019209	23	2.6144299398498	1.08724089474204
Q31QS3	0.999964277917523	23	16.8682772038489	1.06238160601745
Q31QS2	0.0895117140927054	25	23.0303489378259	1.09680784433237
Q31QR9	0.998441738662513	25	12.9693454438922	1.13736993470456
Q31QR5	0.0458561620218103	25	22.9537780195175	1.09692774784132
Q31QR3	0.0180630654633989	25	20.3980721766623	1.18035801157296
Q31QR0	0.0749404933094452	24.7547683923706	13.5458560755087	1.10750281413362
Q31QQ7	0.480738551595093	23	12.6556895410571	1.00024662886387
Q31QQ6	0.0289214673272664	25	21.6148969287959	1.1190009688208
Q31QQ5	0.208801697773955	24.3827160493827	22.0716028180082	1.15554315524234
Q31QQ4	0.0180106993571347	25	22.3697836990765	1.12829712931716
Q31QQ2	0.233318132118435	23	5.0176808783453	0.999022927749306
Q31QP4	0.738123829083924	23	4.4999248146938	1.16503808324822
Q31QP3	0.810863201926614	23	17.1206842750972	1.05501457467019
Q31QP0	0.24096730044571	25	15.9653387213434	1.0643592465694
Q31QN9	0.0578414232228265	23	12.536207333203	1.09446482165212
Q31QN8	0.732201308232009	24.4089199355185	18.8347034006848	1.27186899494519
Q31QN7	0.999992260766428	25	15.920367975962	1.11968283587219
Q31QN3	0.872509589844954	23	6.50005939427376	1.03419791098357
Q31QM5	0.757310748555461	25	15.8473588714784	1.08455207769485
Q31QM3	0.138276719321565	23.2590885816692	18.3419936623976	1.07644040988575
Q31QM2	0.0935267587758988	25	21.7357298085539	1.07914699177649
Q31QM0	0.123955240470354	23	3.131770699851	1.08381305732113
Q31QL7	0.498416170594935	25	15.9683180303495	1.04380457243456
Q31QL5	0.971685823023365	24.4614970382337	14.6703481954425	1.0258614018057
Q31QL4	0.878302371361493	25	20.4420902613009	1.03901045379069
Q31QL2	0.106363457526423	25	19.0394595869808	1.07043409143355
Q31QL0	0.285424168026842	25	20.413920063499	1.03456436134006
Q31QK2	0.109710050258428	25	22.5682674815395	1.08746444933398
Q31QK1	0.247020703265671	24.917718047175	15.7606718879133	1.08566930689872
Q31QJ9	0.29820821080099	25	22.5206298455129	1.09054344132783
Q31QJ6	0.278777597376539	24.7278170930866	16.617686517037	1.0376506049471
Q31QJ5	0.0318684598501718	23	2.8820339762293	1.09737318066814
Q31QI9	0.893353859190385	25	15.9638526154074	1.08968007347904
Q31QI7	0.999586595457121	25	1.9954221994116	1.09107090170283
Q31QI6	0.62421727714525	23.7454260324098	3.0091026883004	1.10550344572959
Q31QI5	0.668160938732115	23	0.334986217753102	1.03706740913902
Q31QI4	0.493486841671576	25	17.9800012975865	1.03462490213833
Q31QH9	0.515552326164636	24.2784607161945	15.7492511105447	1.30129888181738
Q31QH7	0.0658912147761856	25	21.8731055146388	1.07652585527196
Q31QH5	0.999998964327294	23	4.4999412613743	1.13616529447854
Q31QH3	0.749326762900875	23	0.829249896396799	1.11795975470558
Q31QH2	0.123292978047488	24.3565683646113	0.715486862982601	1.13803946980928
Q31QG9	0.630102781793927	23.4028851107676	19.3643039154286	1.18986703623178
Q31QG4	0.82900455288119	23	6.50005036558833	1.14085636175197
Q31QG2	0.479617805384245	23	15.1920412320062	1.07697127719085
Q31QF9	0.572124987168668	23	1.6725896001406	1.03576390634375
Q31QF8	0.506475935285635	23	0.2663690522986	1.01645116619247
Q31QF5	0.999751082903516	23	14.80405628897	1.07310216423569
Q31QF3	0.0230172415250424	25	22.8122682599751	1.11119488071321
Q31QF0	0.622930738761725	25	24.4674690030417	1.17329562649086
Q31QE3	0.0359224504891422	25	21.8568706261199	1.09069391887312
Q31QD9	0.333317000707731	23	22.6177477191622	1.06049650124616
Q31QD7	0.0633322624032409	25	22.43784505761	1.10705253219955
Q31QD6	0.999902766299805	25	21.8875213347191	1.02282546705507
Q31QD3	0.373627904798795	25	14.9835221066176	1.09282287325852
Q31QD2	0.879315525656953	23.7454260324098	22.3491283182591	1.07084226384734
Q31QD1	0.195771340196549	25	23.3598759153247	1.06904583365895
Q31QC8	0.269344489900816	25	20.2310627120059	1.06910221253565
Q31QC7	0.239139318275052	25	14.8991180160504	1.06060990856539
Q31QC5	0.0660787037597841	23	9.4846585407351	1.01335708550294
Q31QC3	0.4756926357163	25	17.0163892580031	1.03222035136794
Q31QC2	0.552547521971621	23	0.288969097872901	1.04315186889463
Q31QB4	0.0546608600132733	25	17.4598275934797	1.07151735301848
Q31QA2	0.132817307217077	25	20.6408325653359	1.04820664628597
Q31Q90	0.651882007636459	23	14.4421984785059	1.19516405049865
Q31Q80	0.99999882029857	25	6.98651462196536	1.15987099710589
Q31Q78	0.908699474429016	23	19.4004651652645	1.05884574109202
Q31Q77	0.773088208094869	24.808847624249	13.5122696244629	0.994199940260528
Q31Q76	0.257756214409657	25	19.5446327313787	1.10047255720005
Q31Q75	0.272707486645621	25	17.0953149139751	1.0561122028416
Q31Q69	0.229753040989355	23	20.5919880112027	1.07284379169356
Q31Q68	0.999720157369943	23	4.4999412613743	1.1279495933558
Q31Q67	0.997381491790741	23	16.172095149988	1.0189335820653
Q31Q61	0.999996847574716	25	17.7087943489103	1.17253409958144
Q31Q59	0.995327451080538	23	14.2264848864746	1.20735055226278
Q31Q56	0.0135992790491267	23	20.5085305864928	1.18242345217738
Q31Q50	0.999997516141905	25	6.50005939427376	1.12461076847158
Q31Q49	0.0198072596111265	25	23.3891212418932	1.11687158131129
Q31Q47	0.649580533908784	24.5673336938886	23.4835490380297	1.06214653267855
Q31Q45	1	23	2.6511861366603	1.21056454384869
Q31Q44	0.798249030819641	25	12.4123995036757	1.07302359277759
Q31Q43	0.0958677608958151	25	21.7932139373804	1.07505764456894
Q31Q38	0.0917182091462178	23	22.8857361387232	1.27342855347266
Q31Q35	0.0184939435251265	25	22.2243488334147	1.11438970541462
Q31Q32	0.268036948527317	25	22.4128576119496	1.05356567245372
Q31Q30	0.00765222318504843	25	22.3891752734322	1.2382672353771
Q31Q29	0.998472132519516	25	6.50005939427376	1.13181591466312
Q31Q25	0.310247306922741	25	17.20884837566	1.04789357249565
Q31Q21	0.288506866759612	23	22.0674665841203	1.12262736778815
Q31Q17	0.567069609577332	23	14.7481685555798	1.15412923918806
Q31Q16	0.1111433993775	24.1237387148168	18.8368943679764	1.11256131346721
Q31Q13	0.95688582151451	23	20.8199888143243	1.07129170906512
Q31Q12	0.346895475153489	23	22.1891858044718	1.09496217525039
Q31Q11	0.295600631255109	23	22.0004299613404	0.998072181300459
Q31Q10	0.220910725794703	23.3787956767885	20.1894534347972	1.03827255750351
Q31Q09	0.577420432110296	23	3.46446673433	0.948867776461595
Q31Q05	0.999983115282012	23	6.50006838360438	1.05383797069469
Q31Q04	0.759407622756206	25	14.6019514649967	1.07723771145103
Q31PZ6	0.996496568383226	23	6.50004550208234	1.12057637857015
Q31PZ5	0.070853731912066	25	22.8450726939078	1.08654310592415
Q31PZ4	0.290666917403319	25	1.8974902501849	1.12715850813842
Q31PZ2	0.216612693944038	25	22.5646146056655	1.0761118373826
Q31PZ1	0.772703902715138	23	4.4999412613743	1.34199855133816
Q31PZ0	0.99999622396134	25	23.297389658468	1.05266920605427
Q31PY8	0.967376116797476	25	1.533061594361	1.01904889747883
Q31PY5	0.311222907160681	23	14.8229687353079	1.14336329714715
Q31PY3	0.0404095781978997	23.4997413347129	2.7365339217975	1.21449962074253
Q31PY1	0.999704211053224	25	13.1764312778705	1.05269087352866
Q31PY0	0.771342732066442	25	7.5915232678109	1.12724828743787
Q31PX8	0.860772748010748	24.5407887628309	14.9646534885835	1.1207259631883
Q31PX7	0.153399262125116	25	19.8298156247377	1.06873861508599
Q31PX6	0.272026519972019	24.5939361126151	16.1714665897165	1.04870197938108
Q31PX5	0.791311703115513	25	19.6597074266809	1.08763899790642
Q31PX4	0.187844121636684	25	21.798575658699	1.06344821627387
Q31PX2	0.780636864390586	25	23.4517342655481	1.05900614498477
Q31PX0	0.39703464497808	23	3.5003066151064	0.969929158488193
Q31PW9	0.627859575213302	23	0.458329161135801	1.08162579504606
Q31PW6	0.922865058112975	23	22.2473327548138	1.07257810791436
Q31PW5	0.552605689977324	25	11.8491787258866	1.09916985046518
Q31PW2	0.999193028887168	23	0.0888639841036003	1.02410744888542
Q31PW1	0.233658528815832	25	15.0199209231035	1.07362445036477
Q31PV9	0.672019441394535	23	21.2383527613349	1.0314585162658
Q31PV8	0.799232799812993	25	19.7833719968439	1.07450967504584
Q31PV7	0.922411616641654	25	1.1455866236283	1.06071964679361
Q31PV1	0.991762418056516	23	11.0974661084603	1.34396632862128
Q31PV0	0.0930898484565933	23	12.1768731179669	1.04293400533878
Q31PU9	0.814715422054542	23.8451443569554	14.391159556539	1.03152762638695
Q31PU8	0.999191493988286	23	4.4999412613743	1.13480411316595
Q31PU3	0.340873244274375	25	21.6859376312618	1.07876319889794
Q31PU1	0.237156963661544	24.7817785051828	23.2633887902102	1.11289789177394
Q31PU0	0.377641431898732	25	21.2170572651195	1.17210948521738
Q31PT8	0.962102302101626	25	18.3406794494713	1.10346061123366
Q31PT6	0.999999911404632	23	6.50004092618117	1.13603459132594
Q31PT0	0.418936217335164	23	6.50005939427376	1.3042175485399
Q31PS9	0.979670630015206	25	22.7254726807014	1.07037905527486
Q31PS2	0.150504423575938	23	0.0311736374348008	1.12383397778348
Q31PS1	0.300589063294975	23	19.8699520607366	1.07181310417495
Q31PS0	0.120193711243895	25	22.2756531776302	1.05727510193819
Q31PR8	0.998776214903864	25	12.5695204071629	1.13515690572133
Q31PR4	0.637641745714668	25	23.8239087534732	1.08246167344716
Q31PR3	0.693862809511401	24.9725123694338	12.1076562114074	1.09106999080648
Q31PR1	0.0337707986035057	23	12.22615815833	1.1838380808543
Q31PQ8	0.322978127998793	23.9457037427517	23.7205804506735	1.05212985826214
Q31PQ7	0.995838105379898	25	6.50006809466651	1.12115116104022
Q31PQ2	0.536043401188083	25	19.1311630356212	1.0749910300954
Q31PP9	0.111003525143953	23	0.0116461049750995	1.07480724688119
Q31PP8	0.522969319913501	25	21.2685213099303	1.04273644357589
Q31PP6	0.183824594500709	25	15.9960069613452	1.09030011785469
Q31PP3	0.991948786111906	25	20.918031466761	1.05571372012463
Q31PP2	0.0471614164821004	23.4270242392986	17.2088343868466	1.09789972953844
Q31PN8	0.0690597439585109	23	0.127885053674301	1.03361877842233
Q31PN6	0.367135750461105	23	22.0392135114178	1.06830803897974
Q31PN5	0.136515674015649	25	22.5832424016435	1.14433241672847
Q31PN4	0.0308739531330925	25	22.2667337115905	1.12066410454554
Q31PN3	0.314192004161539	23	1.0856532728993	1.09663929492955
Q31PN2	0.360409268450484	25	22.0864542302076	1.05211677802387
Q31PN1	0.0181184617017405	25	23.4991603033434	1.18040539326996
Q31PM9	0.293712258362511	24.3304767005892	17.2282378436558	1.05400984533937
Q31PM5	0.857534004917884	23	4.4999543727512	1.03698532142866
Q31PM4	0.881958225212831	25	22.1437271321283	1.06893993019484
Q31PM0	0.642313756672155	23	19.231515205266	1.04278140316628
Q31PL8	0.130031556719337	25	17.2033851210627	1.06881084636549
Q31PL7	0.111099846848936	23	0.108442524968801	1.06044873584187
Q31PL3	0.999999999999998	25	17.4064613691303	1.03884732502047
Q31PL2	0.98846534479623	23	6.50004543116711	1.13327636785115
Q31PL1	0.107745354836201	23	22.7978433869729	1.05978975373226
Q31PK8	0.920502820922221	24.6205962059621	15.4329484826509	1.17473397053291
Q31PK7	0.969679023297404	23	18.5621641090976	1.19649382443705
Q31PK6	0.325025491813242	25	22.2594830021588	1.01719558850257
Q31PK1	0.677993984576773	25	14.9213019394709	0.992381664529357
Q31PJ5	0.991601762703288	25	0.499941261374303	1.06361665145221
Q31PI8	0.211541165988595	24.0216816499207	20.2186854891463	1.04506527507225
Q31PI7	0.999284120631814	23	3.5282357998339	1.04811878203465
Q31PI6	0.0311589562127769	25	22.486787299352	1.09757608538207
Q31PI4	0.935244256550813	25	1.6796492129695	1.11558681708649
Q31PI2	0.97094576284645	25	14.4843381398982	1.04207980211763
Q31PH9	0.218679429526543	25	17.482361893062	1.00502793554758
Q31PH5	0.999809100582274	23	22.5155844432655	1.03212545310987
Q31PH4	0.0804948159676584	24.1750931346461	20.8194010296202	1.07418135973843
Q31PH3	0.547873722230434	23	3.2838080770819	1.14182823097811
Q31PH0	0.334316569075942	25	15.047346323026	1.07934076353053
Q31PG7	0.0803037275094372	25	22.8959323687916	1.12671526462263
Q31PG6	0.0609807941232403	25	22.1877527334454	1.07104689179586
Q31PG4	0.996358999192793	25	18.3374871338799	1.05323964547079
Q31PG3	0.129756672015575	23.5484707102125	20.9313813042047	1.04880803166421
Q31PG0	0.892955226044573	25	11.885874990154	1.06355714640044
Q31PF7	0.761776165266376	24.8631636562671	13.8325203437815	1.06694550996178
Q31PF6	0.177494394234308	25	15.6005773824227	1.10237529916873
Q31PF0	0.0770629052625637	25	21.5975758789075	1.06700335401309
Q31PE5	0.151349539068642	24.9725123694338	23.4756410723275	1.10252028254402
Q31PE4	0.972400840684549	25	23.0603470618181	1.02039739016809
Q31PE0	0.138629465198602	25	19.0939428257251	1.06100896513381
Q31PD9	0.0735050019083878	25	20.6288074352498	1.07843067600076
Q31PD8	0.186307427473428	25	19.5016557210339	1.02960775134464
Q31PD3	0.124903238803335	25	13.4095527086078	1.09700032506104
Q31PD2	0.909473734755326	23	22.4001609834719	1.02804741183657
Q31PD1	0.997295310335036	25	21.0247510954805	1.06199635483551
Q31PD0	0.109118118007198	24.6473141616929	19.5633240837458	1.08239670415748
Q31PC9	0.35235026569908	23	20.8657057140135	1.16484823413355
Q31PC8	0.898028450712289	25	17.1971657959184	1.12244520456828
Q31PC7	0.225362756000225	25	16.5283110404918	1.03557958307741
Q31PC6	0.00495820161790095	25	21.8827220768207	1.23922614136473
Q31PC5	0.986556089050408	23.6219448777951	17.3422654460225	1.07110470004634
Q31PC4	0.99510132446588	23	6.60525694184747	1.09796317483579
Q31PC2	0.999996129406337	23	0.714490894930499	0.999631345029285
Q31PC1	0.917266252696505	25	12.6948796610008	1.08026979344482
Q31PB9	0.470454403857963	25	20.2377682373587	1.10315313204166
Q31PB8	0.101029876463736	25	21.346570753149	1.117988051125
Q31PB2	0.962058918007681	25	21.6615109265474	1.10578431569458
Q31PB1	0.0206521645422513	25	19.186378840051	1.0847667039791
Q31PB0	0.998123018612374	24.5143011332974	23.0004119166034	1.29160292888897
Q31PA8	0.629147472425952	24.917718047175	17.0473176512725	1.02652899665344
Q31P99	0.0545696781061568	23	15.2928910094234	1.05550676307095
Q31P98	0.999965534826512	25	6.50005939427376	1.12110001308726
Q31P97	0.343122667674203	25	21.6836066525461	1.08536358796179
Q31P95	0.999999999245648	23	19.9436263310615	1.05696019547525
Q31P88	0.991741332040922	25	0.499941261374303	1.11711129638257
Q31P86	0.802813769420798	23	3.2080658456965	1.05483704636573
Q31P84	0.0771769799466969	25	22.3214383001144	1.0894398416858
Q31P83	0.156440093712137	25	23.4082423049159	1.08766753229439
Q31P82	0.0148995873601726	23	8.9756108699219	1.03326493794144
Q31P79	0.45894106656676	25	19.0184652259052	1.11241086927598
Q31P75	0.824853019831552	25	15.8665548190961	1.07041068686516
Q31P74	0.141858044680499	25	22.5399200210691	1.11499169412553
Q31P68	0.999929315897499	23	14.0204103580216	1.08508632949783
Q31P65	0.249920261242621	23	17.9231645844716	1.06002709241515
Q31P64	0.0691859619577228	25	22.8704552085596	1.11303098835179
Q31P62	0.00391894298450468	25	22.3923058331067	1.10864682795946
Q31P59	0.326899489276426	23	22.7945360954395	1.10823323181519
Q31P58	0.59193729315409	23	22.2579915175342	2.25152568143272
Q31P53	0.549249231559389	23.3787956767885	15.6725466767538	1.06462705732469
Q31P50	0.981756218419344	23	21.1642218954506	1.08097345082299
Q31P48	0.524899969416339	25	23.2896507490901	1.1340672127064
Q31P47	0.316219598377204	23	0.686707288130101	1.0684678606034
Q31P46	0.698613303723195	25	18.7245956347572	1.07566175893182
Q31P45	0.260041418252187	23	13.7762119655921	1.03423142130433
Q31P44	0.836112848862963	25	20.7750724473343	1.03921089471583
Q31P41	0.1265901831073	23.117048346056	18.8690060110482	1.05939471800216
Q31P40	0.177100727056898	25	16.8263022533106	1.04544093187289
Q31P39	0.0170170121983968	23	13.1251868289167	1.13968681917275
Q31P37	0.0147838042737046	23.2590885816692	10.0990392345173	1.23088241719068
Q31P35	0.304337285449095	25	2.0821090198309	1.10110178776878
Q31P33	0.0691880723867093	23.9204844655082	15.6289392551172	1.08039613149338
Q31P32	0.0284854038136557	23.7206266318538	16.6446394291973	1.06410282870447
Q31P31	0.779100872303059	23.7454260324098	18.4605012829812	1.08441299657735
Q31P30	0.96042552655845	24.9725123694338	0.928150288882499	1.16479587337883
Q31P20	0.199674198113741	23	14.8568443879585	1.14334363725381
Q31P18	0.9999999999963	23	6.50005939427376	1.20180872384869
Q31P11	0.0777178416367178	25	22.4675999072364	1.04805531794681
Q31P03	0.122914476248374	25	20.1504945377085	1.09224265579724
Q31NZ7	0.828157233855885	23	16.2383729888023	1.03566619463207
Q31NZ6	0.904614600856102	23	16.2378300222349	1.03078300218907
Q31NZ4	0.488136731344596	23	4.4999441684318	1.05072296337734
Q31NZ1	0.603335604599717	25	13.281278408058	1.07928891884839
Q31NZ0	0.0587133865002909	25	18.8543295916091	1.04805281994644
Q31NY1	0.109015868070944	25	20.582255653443	1.12728812454477
Q31NW5	1	23.9204844655082	6.50005939427376	1.15148889139878
Q31NW2	0.0147906113030565	25	19.2414593708871	1.16177787420815
Q31NU6	0.676860711155522	23	19.5567209049207	1.06100183860617
Q31NU5	0.990232409022333	23.4028851107676	13.3625027807772	1.22929974478508
Q31NU3	0.999999145441717	25	7.88149838075211	1.07626523258879
Q31NT9	0.0802778906327641	23.0935434672089	16.3589633934642	1.08351622878407
Q31NT7	0.212750449320055	25	17.3924631640519	1.12144532681178
Q31NT6	0.632231580413109	23	15.3039326772843	1.05975019687791
Q31NT5	0.128765894499513	25	22.931477741116	1.18012610678392
Q31NT4	0.998995648420535	23	0.851534763178201	1.0734887601208
Q31NT3	0.146907232038213	25	21.8698157940431	1.0732469591117
Q31NT0	0.0244061491300425	23	22.820815064838	1.0645566596197
Q31NS7	0.959625530709446	25	16.1088832604567	1.16194769254438
Q31NS6	0.999999999999337	25	18.6812827736491	1.13755455459346
Q31NS4	0.0587759030001342	25	22.3322009827513	1.08490441925857
Q31NS3	0.234046584271093	25	21.8747813200036	1.09097983169705
Q31NS2	0.230144381975083	23	18.095864778937	1.08473536676963
Q31NS1	0.904466775873235	23	14.9881728189652	1.09174865650131
Q31NR8	0.99999999999806	24.0981432360743	19.0755860346218	1.08402668826526
Q31NR7	0.999706697149532	25	15.7928058767268	1.00865523812731
Q31NR6	0.943799924563998	25	9.60667262107515	1.01412747986044
Q31NR5	0.185264771629894	24.3304767005892	17.4434765815335	1.06807674424113
Q31NR3	0.999973354147739	23	15.5952349308418	1.0698360696896
Q31NQ8	0.798601453930152	23	0.0976696706498004	1.07996619117753
Q31NQ1	0.19325608924663	25	22.0475388641758	1.11387214254572
Q31NQ0	0.00953642501760865	25	21.9476541955327	1.09871539488831
Q31NP5	0.999807851598443	23	21.7671131059431	1.03481026378451
Q31NP4	0.720597880698187	23	17.5174288204141	1.0896462175831
Q31NP3	0.999999226189095	23	0.334976158377899	1.11676569767333
Q31NP2	0.103841937715449	23	0.426624709957199	1.06818623026699
Q31NP1	0.304812096093393	24.1750931346461	15.0438123067417	1.11029937372913
Q31NN7	0.022159901571429	25	21.8965512916971	1.08174972301422
Q31NN6	0.974491593691663	25	17.7784290970642	1.04271394844563
Q31NN5	0.999999995585463	23	4.4999412613743	1.14561249674441
Q31NN4	0.997690940603615	23	14.4682379029791	1.07872544428028
Q31NN3	0.999999806582705	23	8.44325457486446	1.18492881230208
Q31NN1	0.245523815040229	25	16.5742070705811	1.07607137894431
Q9F1R3	0.343183107827086	23.023314749113	22.9255505717866	1.01892175040776
Q31NM7	0.835778845144123	23	0.601595644210398	1.02876189949876
Q31NL9	0.94628478756728	23	21.4518574684661	1.06007910335366
Q31NL6	0.999900890466256	23	22.3765966244352	1.11236966326779
Q31NL5	0.807738836185618	23	22.074445104839	1.07889755873372
Q31NL4	0.650621654301005	25	15.6379246957973	1.07086627805288
Q31NL3	0.999991415989252	25	13.6469001243632	1.13011955727641
Q31NL0	0.155842951483011	24.7547683923706	17.2746439214446	1.05726837776993
Q31NK9	0.263215082620433	25	22.3059317359988	1.17472505718585
Q31NK4	0.624754844175041	25	0.916366010847	1.08324778257688
Q31NK3	0.739475274516676	23.5484707102125	17.3486173337069	1.13493512568349
Q31NK2	0.999999978165663	25	15.2071155326753	1.05502784252831
Q31NK1	0.0335814682861394	23	11.2375539121001	1.04913605874963
Q31NJ7	0.443506755630413	24.808847624249	18.4155789297047	1.12369751836489
Q31NJ4	0.984351157693356	23	0.1140426290828	1.06295070538474
Q31NJ1	0.699232694365212	25	3.8023637150484	1.10244903260794
Q31NJ0	0.182476682863401	25	22.4903203788883	1.06601584186
Q31NI1	0.722589924643853	23	16.4544860944993	1.11615469234597
Q31NI0	0.14416105263827	23	16.3137602184608	1.10302611424452
Q31NH8	0.240838645542693	25	22.3009255419727	1.0450916007587
Q31NH5	0.307974367776602	25	0.677940320308601	1.04140081211203
Q31NH1	0.276659407890716	23	6.50005939427376	1.1717051306214
Q31NG7	0.999669669078927	23	6.50004081443258	1.1787460916404
Q31NG4	0.836970943418976	25	17.5376495835627	1.09530073912173
Q31NG3	0.567011092133754	23	12.3020843734689	1.00675032466285
Q31NG2	0.0195596046454456	23.6219448777951	20.4473192659275	1.09669714342445
Q31NF8	0.611603064819005	25	16.4389639527644	1.07454087506165
Q31NF7	0.200989659752492	23.7454260324098	3.0090891965547	1.26407760609572
Q31NF5	0.514179751991186	23	3.6032731763123	1.05241975648882
Q31NF4	0.998970541084821	25	17.6829627221847	1.05990301196022
Q31NF3	0.79694889266974	23	0.5289977151584	1.18830304789755
Q31NF1	0.99999999983249	25	17.4042367287021	1.24504910065715
P32084	0.134729588044611	25	21.6525017584674	1.06540552078852
Q31NE8	0.0473704682870527	24.0981432360743	16.3304796988833	1.12401476095172
Q31NE7	0.999998300113957	23	4.4999412613743	1.11225034371964
Q31NE5	0.867437087353267	23	19.5408090641401	1.08967664897843
Q31NE2	0.0908829347615078	24.4878706199461	14.1784238762249	1.103286076831
Q31ND9	0.597359793263119	23	19.3060922673714	1.03734128611579
Q31ND8	0.78830453860117	23	19.6679052766909	1.02438399437405
Q31ND7	0.141618545331024	24.1493886230728	15.262078718115	1.1077490707063
Q31ND5	0.997774106388133	25	18.9466759624008	1.07841023659854
Q31ND4	0.40335170085368	23	3.3718475336544	1.0491880174529
Q31ND0	0.187951461278012	25	17.2278719491436	1.08376769413571
Q31NC7	0.992395770480777	23	20.973761237655	1.02928440865951
Q31NC5	0.6474456889705	25	22.0098704101824	1.20361538985871
Q31NC1	0.891821074005077	24.2784607161945	23.6792045993278	1.16404860262105
P46204	0.827019445430727	25	12.7155423285767	1.31194455524694
Q31NB2	0.99860527370315	23	3.8628663986141	1.09880096273355
Q57311	0.424761883924763	23	3.2591851923962	0.962614626687532
Q31NA9	0.00951138456446909	23.6465382613222	19.3542043318757	1.33498825275962
Q31NA7	0.0576335527957992	23.4028851107676	21.2894063831834	1.10346828523948
Q31NA5	0.215051411052627	25	19.7404378329047	1.09429700600187
Q31NA2	0.995761996462024	25	19.3742391834733	1.07871250335162
Q31N94	0.990809098979132	23	21.4479628804569	1.19147368247379
Q31N93	0.615143556998169	25	16.5540359482596	1.07115535595462
Q31N89	1	23	21.8579094178002	0.992542265142789
Q31N88	0.102170570214153	25	22.3451617797186	1.09044401101595
Q31N86	0.0751483020790906	25	22.7496974107145	1.09854624038264
Q31N83	0.107403529964094	23	0.3899434176396	1.06102610029835
Q31N79	0.00622715303780508	25	20.4520508899261	1.13751737311523
Q31N75	0.901948555637632	25	13.5749707233449	1.00898120085009
Q31N74	0.369327042866138	25	17.5593305252998	1.0969569834499
Q31N73	0.620011485936304	25	19.8150395029305	1.0583323579096
Q31N72	0.291725968618053	25	21.7340376743678	1.15601192060641
Q31N64	0.0620584810902383	23	15.4647227275133	1.12911855752432
Q31N63	0.0828478697914103	25	22.6827819989129	1.09817330231173
Q31N57	0.997852319896593	23	11.3354874655285	1.02502322881337
Q31N56	0.175728263589619	25	19.8403100884074	1.05624361721124
Q31N54	0.107157996121004	25	21.473597774134	1.1143113892774
Q31N46	0.196727336574599	23	0.5947273057849	1.13000053044051
Q31N45	0.733338021416989	24.0471148755956	16.2466200294688	1.28698489690118
Q31N42	0.0858370580560942	23	15.2526791522377	1.27357293918988
Q31N41	0.488776000758164	25	23.3601932953588	1.07678983428648
Q31N38	0.0462051410197718	23	20.6773924142267	1.07249017633254
Q31N37	0.0537950250957009	24.7278170930866	16.3971798788422	1.12779555041457
Q31N36	0.415321522122171	25	16.8516440942728	1.06607376098735
Q31N35	0.990613515506835	25	10.6970746199957	1.18507148966354
Q31N33	0.00698902100332521	23	22.6605704517202	1.27544596822624
Q31N31	0.244178503057809	23	4.4999412613743	1.15751403554333
Q31N29	0.253602815747775	23.4754521963824	16.9096107682981	1.1230788323122
Q31N28	0.073847856542443	25	22.2764344319338	1.08330221352992
Q31N25	0.0329743710636242	25	21.354297022189	1.02074665275694
Q31N24	0.106022593194974	25	17.2554618266056	1.02668587259051
Q31N23	0.134970271645243	25	22.496550104803	1.06228277934764
Q31N22	0.972779185601806	23	6.50004912013199	1.32353885334566
Q31N18	0.950309838162463	23	3.4186173832908	1.01083402093093
Q31N14	0.999875391111544	23	6.50005939427376	1.12128099791708
Q31N13	0.999264195697904	25	0.499941261374303	1.09680312185652
Q31N12	0.20923847842128	25	15.1746220087494	1.09584220961037
Q31N10	0.8886667820542	25	4.9001629540366	1.05373603746347
Q31N06	0.474767562782986	23.6958789775691	16.6277803269358	1.05028849608041
Q31N05	0.372119270539939	25	11.3733845153718	1.10228711589452
Q31N03	0.14096439385123	25	23.4522087320265	1.10443646108402
Q31MZ3	0.655673409988481	25	15.1898454556674	1.06356004020291
Q31MZ1	0.902420491817546	23	4.9421735981277	1.05860353513074
Q31MY8	0.0943003774069502	25	22.9718539062487	1.085950206684
Q31MY3	0.0437088600672619	23.5484707102125	14.1073777894167	1.09535374921842
Q31MY2	0.112830201868401	23	4.5338135830631	0.98478993795958
Q31MX8	0.848750350328821	25	15.7158774584245	1.07224900347683
Q31MX7	0.358259834353565	25	21.8666281140352	1.06149999935071
Q31MX4	0.15905493944774	25	18.5991422796887	1.0650772914535
Q31MX3	0.560686308041031	25	15.8618555242053	1.10463864387785
Q31MW7	0.298173203866771	24.7278170930866	16.5882975015914	1.06864327929368
Q31MW5	0.875435858660766	25	12.9888298942434	1.05298511538185
Q31MW0	0.195478608575851	25	19.4290785737712	0.997331187198502
Q8KPU0	0.780931429119087	23	22.2833487256793	1.04488434636716
Q31MV0	0.159798545721495	25	21.6709210092174	1.09815039937316
Q54764	0.88811590270033	23	20.1374365091718	0.998713187133044
Q54767	0.0750116349331057	25	22.9636606999106	1.09600330631191
Q31MT9	0.515144848810338	23	4.2228201576835	1.05875646127513
Q31MT7	0.0844813774535986	23	22.6346770607069	1.03169440463271
Q31MT6	0.997954665445471	23	12.4348160085667	1.05578442053148
Q31MT5	0.890345627708576	23	15.9085185281699	1.03066457214136
Q31MT3	0.7478980118153	23	6.50004499070302	1.04798855677405
Q31MT1	0.858723974258954	23	16.1153836205662	1.0758714690496
Q31MT0	0.785650760419591	25	13.6905483313309	1.05435540792389
Q31MS9	0.0222992713373766	23.7206266318538	15.4265379832844	1.1002760579901
Q31MS7	0.0346966403130265	23.9709762532982	17.4156840957932	1.14949950743221
Q31MS6	0.00941440966924878	23.2829318298309	11.2267932521647	1.17154503162472
Q31MS3	0.679178537388467	23.5974025974026	11.9367703408367	1.01719628029606
Q31MS2	0.131219148783021	24.1237387148168	15.2898555476812	1.13795469425947
Q31MS1	0.0884369220318543	23.9709762532982	1.7786928122176	1.18066224149024
Q31MS0	0.408819323133207	25	21.4114597212981	1.02956327175647
Q31MR9	0.965583537871703	23.023314749113	18.1896531428454	1.04733882897719
Q31MR8	0.974989466855036	25	23.0804214945664	1.0411163458189
Q31MR7	0.537347948747195	24.6205962059621	15.8643470093296	1.19379521588696
Q31MR5	0.491914423767713	25	22.5843724886845	1.10639066563699
Q31MR4	0.999872015813893	23	11.1989266613277	1.07602138507268
Q31MR3	0.656631890288569	23	4.6748170988206	0.949277829195508
Q31MQ7	0.391236680912138	23	15.1763292452882	1.03955196573247
Q31MQ6	0.746658494033333	23	21.446087605297	2.28431859390054
Q31MQ5	0.310551003166415	23	16.3001924969587	1.05485137826096
Q31MQ4	0.294481268196571	23	5.8067079583176	0.981530329460424
Q31MQ3	0.352636196385324	23	0.156067440632	1.07184166031031
Q31MQ1	0.639675605714896	23	22.6408843960489	1.01128122701217
Q31MQ0	0.0812456840916601	25	22.7819649929704	1.09013872673472
Q31MP6	0.235185365858677	23.2590885816692	16.4204377556438	1.02913651439841
Q31MP3	0.489851657038603	25	16.9058631192656	1.12380272177667
Q31MP2	0.173753444532017	23	20.379719081286	1.11108873866944
Q31MP0	0.973330595996205	25	22.7762400393497	1.07919452132459
Q31MN9	0.710993930505345	23	15.3523760650954	1.06362574869479
Q31MN6	0.322627515237672	25	17.9039140972368	1.07701714083762
Q31MN0	0.479628565610557	23	22.1341157126656	1.06333553734619
Q31MM8	0.943102194826578	23	17.8806765724319	1.00888073368851
Q31MM6	0.151252558191381	25	21.866062853943	1.06124773800085
Q31MM5	0.99999999999713	25	15.3676068202373	0.992131956901808
Q31MM4	0.0241817420038054	25	22.7738214853595	1.11265912984181
Q31ML7	0.99850491938659	25	15.7096950980342	1.06846663134208
Q31ML5	0.551138475883903	23	3.5507520167755	1.01725310665871
Q31ML3	0.99998488415961	23.4512132163139	3.5975150324958	1.18282381927922
Q31ML1	0.161552160608471	24.5407887628309	15.3429408079365	1.08338463672686
Q31MK3	0.999998763108787	25	11.695367237947	1.10824282306874
Q31MJ7	0.220586561914362	25	15.9235001070009	1.13369068137581
Q31MJ5	0.374752583813006	23	19.8138860037873	1.05141202968895
Q31MJ4	0.934029808799362	23	12.5318297606008	1.00877844170278
Q31MJ3	0.0436848751176523	25	18.5063379076968	1.12196809320426
Q31MI9	0.721524656057522	25	16.3820643489159	1.12835394910295
Q31MI8	0.0238747029392643	25	21.7499685486082	1.0853267162743
Q31MI6	0.999975184303959	25	6.50005939427376	1.08835871221046
Q31MH8	0.591694429568819	25	17.064339175219	1.03847209112291
Q31MH1	0.87291527975978	23	0.570450121979	1.10621255721954
Q31MH0	0.557190300341321	23	20.6049670783915	1.05158572784939
Q31MG8	0.0682643750847273	25	24.0461305277893	1.1009772946494
Q31MG6	0.0415146148603307	25	21.5742814847395	1.05018386516159
Q31MF9	0.603438026697291	25	17.5383708604209	1.12567915273468
Q31MF7	0.924469043868297	25	2.5465315411957	1.12653334031939
Q31MF6	0.641823074299802	25	16.4825147080721	1.07730943788951
Q31MF5	0.305095141283418	23.023314749113	3.4862592781999	1.08958282583214
Q31MF4	0.117905914102765	25	15.8785880442491	1.05657292532111
Q31MF3	0.0626687653699757	25	22.4914239841129	1.08021320127099
Q31MF2	0.161209068220251	25	17.9480562925082	1.04603382059707
Q31MF1	0.208181778752303	23	19.7971094376553	1.05287825675264
Q31ME5	0.999476543140317	23	4.4999412613743	1.15640599866085
Q31ME2	0.229631783634117	25	20.24811741794	1.0783106516468
Q31ME1	0.999498369019091	25	13.2283618827718	1.11743186411402
Q31MD9	0.0790435132015697	25	21.878657422309	1.05557266492048
Q31MD7	0.0489330866755546	25	21.6032892132233	1.08788768043039
Q31MC9	0.0285968997434254	24.7278170930866	23.202635275309	1.10072301199988
Q31MC8	0.999999760374509	23	4.4999565439619	1.19672432514979
Q31MC7	0.255657726718816	25	16.9166125697373	1.04457235812642
Q31MC6	0.297790569799849	23	0.2159298583131	1.07285466852922
Q31MC0	0.972358069867974	25	19.9170717697914	1.11386341248089
Q31MB6	0.977760073511513	25	23.8605753909369	1.05146873941878
Q31MB4	0.0447146535060371	25	14.1296507762736	1.02248946411477
Q31MB3	0.114695147420625	25	20.1350872787408	1.06105775563323
Q31MB1	0.122205203803789	23.6711829077645	11.0093779848267	1.04785275250827
Q31MA9	0.570810471865299	23.1878509443594	4.1242393726555	1.1022999868444
Q31MA8	0.601694163935122	23	3.4949789023509	1.10207683894489
Q31MA7	0.717074533156891	25	9.3934341055885	1.19354353759806
Q31MA5	0.0300018350775133	24.945085118067	13.2483191053165	1.18750796283055
Q31MA3	0.407107882081056	25	18.2384944493428	1.04252280026016
Q31MA2	0.756707457478974	25	19.9594931507593	1.05275171277791
Q31MA0	0.154265374339822	25	15.9466354912055	1.04043386259482
Q31M98	0.761429426069377	25	17.6821013371757	1.07262160545818
Q31M96	0.0513275633756217	23	0.108539440795699	1.11594914172037
Q31M95	0.631490523137805	25	16.8083336976092	1.02902721713083
Q31M93	0.999999997417079	25	24.106628377932	1.0347626885168
Q31M89	0.949815359681531	23	4.6699332343878	0.998824832874177
Q31M88	0.463535295616551	23	0.4926636192817	1.15128435469621
Q31M86	0.0120810679294935	25	19.5915088057807	1.12149779782327
Q31M83	0.118476156710788	23	0.167889268005201	1.08708148693211
Q31M80	0.991300754364319	25	15.0450679477473	1.03909345536135
Q31M79	0.98504063883025	23	15.918322584338	1.03660251991843
Q31M78	0.846567061396114	23	18.5829542159265	1.06140038466567
Q31M72	0.99998942698799	25	21.0210464409365	1.06130043900851
Q31M69	0.0724554060283337	24.3044408774746	16.3450585932706	1.03904563432815
Q31M63	0.0345152994575477	25	16.5957393051784	1.05226557482015
Q31M62	0.670326812234727	23	4.4999412613743	1.5556974476569
Q31M58	0.12708797603837	25	19.4291966597023	1.04318330774334
Q31M50	0.390678708408912	23	0.6134633865307	1.08264658841659
Q31M49	0.185168286743261	23.4512132163139	22.8774205643504	1.07885622724708
Q31M48	0.0513625483438492	25	16.5340664084158	1.02186897237825
Q31M43	0.597116208162813	25	16.2848260691144	1.04837854447272
Q31M41	0.0346483610953858	25	21.6350748673993	1.07109692191927
Q31M40	0.0135716118982324	25	10.7962275686215	1.18459786351874
Q31M39	0.999812808371606	23	21.3337133752544	1.12685233669101
Q31M37	0.634282301621863	25	22.5847251693647	1.07309749028983
Q31M35	0.396649559778622	23	15.4111945960911	1.12981724848811
Q31M32	0.980491584112962	25	17.3857813859168	1.07308605386265
Q9Z3G6	0.984868376427887	23	6.50005939427376	1.06659606266405
Q31M30	0.747429368069909	23	18.5094438505854	1.04178035758273
Q31M29	0.290005207013154	25	21.1581715129631	1.04972429793259
Q31M27	0.158647508426034	23	7.0316841018662	0.977727674253638
Q31M26	0.99429140667792	23	13.3530801512304	1.1947665797006
Q31M25	0.224452343862408	25	22.1746270411466	1.09587404852555
Q31M23	0.337858633085622	25	21.1589027623392	1.08930666957497
Q31M19	0.939647313811097	23	13.1400126230211	1.0518384890552
Q31M18	0.800055619684078	25	15.6752667369435	1.04386612122222
Q31M16	0.034679020007652	25	19.034668773623	1.10962007082514
Q31M15	0.208934067419608	25	21.399725828973	1.07123281520159
Q31M14	0.676325583556562	23	21.6331720018792	1.09615917226702
Q31M13	0.261796146011523	24.3565683646113	16.9111450982398	1.09083728389813
Q31M10	0.573458213481901	23	17.9950905395299	1.06272711357161
Q31M08	0.999999999984932	25	16.5943247873488	1.16844222212328
Q31M06	0.118933506261823	25	20.5330894793888	1.07906956846179
Q31M05	0.806082865856949	25	18.1605419540927	1.07938189542549
Q31M04	0.407616755971755	25	20.599877731556	1.07751409131993
Q31M02	0.734304273132988	23	18.808636058172	1.01787455046138
Q31M00	0.16233828857535	23	21.1921743550814	1.10219355089696
Q31LZ9	0.156131427120044	24.5143011332974	16.8664655572545	1.0769715760225
Q31LZ7	0.272394716272544	25	1.0969550771395	1.02864674715529
Q31LZ6	0.889150519248837	25	15.2973390822357	1.18764976013534
Q31LZ4	0.694586889449003	23	6.50005939427376	2.40202980922836
Q31LZ0	0.322893371772461	25	20.5026945734051	1.05519244124728
Q31LY9	0.821461746408818	23	22.6780943945193	1.09858275849745
Q31LY8	0.999999999581798	25	6.5000431176003	1.19039756110697
Q31LY7	0.99999999999984	23	4.0832862110538	1.10413094674011
Q31LY6	0.951018935252057	23	12.1503778990123	1.12379914306524
Q31LY5	0.370610789889954	25	15.434415568853	1.01313939135992
Q31LY4	0.997576253475032	25	19.3522143348081	1.08933399613271
Q31LY3	0.716065097505397	25	14.1058221930289	1.01619885222657
Q31LY1	0.0617818361879863	25	22.9413085778237	1.11283395763495
Q31LY0	0.370205274162176	25	17.0983298105326	1.07492672205873
Q31LX9	0.999999999916917	25	0.499941261374303	1.03174308916192
Q31LX8	0.595555251002311	25	15.6436032640752	1.07127618691474
Q31LX5	0.180922132928112	25	18.8234505033271	1.11890795063938
Q31LX4	0.998227807075389	25	0.499941261374303	1.21894095725896
Q31LX3	0.346919260311682	25	15.721526911288	1.03821947741955
Q31LX0	0.424820158209083	25	16.0424237133724	0.973343896190842
Q31LW8	0.236109936166148	25	22.0897632788656	1.07926293940558
Q31LW7	0.93585258650665	23	6.5000486837709	1.17737986098081
Q31LW6	0.919113557956985	25	17.6740846430553	1.12397714339305
Q31LW5	0.715301822102034	23	14.8849082203079	1.06003432401246
Q31LW4	0.999973109056405	23	10.4022860122112	1.05771726555058
Q31LW3	0.345791670729674	23	3.4078939453636	1.06661126469342
Q31LW1	0.668437888353472	25	1.3930654707938	1.10465056650381
Q31LV9	0.279827869543742	25	20.3135954813411	1.10193159469143
Q31LV8	0.0232247374504406	25	20.1557648269573	1.10998398741794
Q31LV7	0.999909124977157	25	14.7919306087442	1.00550585088425
Q31LV3	0.0716200869988993	23	11.3173206772044	1.04254776605469
Q31LV2	0.344717301404134	25	20.6836421293977	1.07519254906064
Q31LU7	0.290779589401489	25	21.5807366538673	1.07858715845091
Q93AK0	0.129778147253497	23.5484707102125	18.7154095206173	1.09410879597649
Q31LU5	0.019083872530878	24.3304767005892	21.8192699102547	1.0999272254362
Q31LU3	0.999999999950445	23	9.57399787387703	1.08774124232073
Q31LU2	0.929099719773775	23	14.0841843587797	1.15890822203854
Q31LT9	0.14957687687068	25	18.9084744350511	1.0976107488515
Q54773	0.512124858464035	23	6.50005078856369	1.08280005622476
Q54777	0.14801812809011	25	22.4433372600825	1.09459712208256
Q31LT1	0.885178651636413	23	22.2299353299355	1.14646268227621
Q31LS9	0.991448046718856	25	14.9924411799227	1.09312242388663
Q31LS4	0.978066779373451	23	22.1067762646475	1.03942491275197
Q31LS1	0.340070449622416	23	6.50005061686431	1.31902227856095
Q31LS0	0.435348628206092	23	21.7557280813518	1.05968188260842
Q31LR7	0.512827409445217	25	23.3896607120898	1.0772052978938
Q31LR6	0.700757401995188	25	16.8876087957971	1.07210516071831
Q31LR4	0.131332636299206	23	15.7433424041873	1.10038715313745
Q31LR2	0.0521245060269988	23.2352941176471	15.7942300240584	1.0892227932503
Q31LQ4	0.994939371979611	23	21.6337240707967	1.04837378362177
Q31LQ3	0.425108495685755	23	22.6374875084792	1.12060533637898
Q31LP4	0.347122177192946	23.0700863382428	0.463230503451801	1.1039105719308
Q31LP3	0.561339993712801	23.0700863382428	22.7808141928334	1.11046775969512
Q31LP0	0.0598610226710211	23.9709762532982	10.9998830092428	1.14101316301715
Q31LN9	0.998507135569369	24.917718047175	6.50005939427376	1.30090825425736
Q31LN7	0.0673873916785407	25	16.7677826157039	1.13168020924741
Q31LN6	0.976099066039144	25	15.1766575449341	1.04515286713661
Q31LN5	0.986159924241404	25	19.3477624566298	1.01532087394292
Q31LN4	0.0676075935426813	25	17.3995325280394	1.07060048910867
Q31LN3	0.16874567537008	25	18.5456981653608	1.07462213661301
Q31LN0	0.516641658475073	23	19.8644713604177	1.04295942402688
Q31LM4	0.0855088795988987	23.8702049395691	15.5797566369664	1.14061977138264
Q31LL7	0.00974220383935287	25	22.34947966232	1.09285272765393
Q31LL1	0.393165349665532	23	22.5771759237584	1.21262464770348
Q31LK9	0.283423209296068	25	16.6148178477109	1.04537331294441
Q31LK6	0.738291615305436	25	22.2930544323708	1.10707601615323
Q31LK5	0.917495253812975	23	17.1717718714277	1.12234097194718
Q31LK4	0.999953088713867	23	6.50005939427376	1.13887069781535
Q31LK3	0.924714104466555	25	14.8415145827232	1.07195138133126
Q31LK1	0.0318207380227101	25	23.0669468868623	1.0784735563394
Q31LK0	0.0757288841138392	23	13.868930838191	1.28121464891355
Q31LJ7	0.847032479585719	25	16.2487776127967	1.23173751976022
Q31LJ5	0.046397832086144	25	21.8671797637461	1.08373177439508
Q31LI9	0.365447372349175	25	16.1299770749428	1.03277229034984
Q31LI6	0.956232186153524	23.4512132163139	22.7351584206657	1.05667451360516
Q31LI5	0.619741742405471	23	12.5810217793698	0.987438210664082
Q31LI1	0.288431524605373	23	22.4083726612155	1.07509673175433
Q31LH9	0.489157787428818	25	18.4367465211624	1.03019994319219
Q7X386	0.212552052084131	25	20.1410583176509	1.11534838610206
Q31LH2	0.461050092211541	25	16.8239363723218	0.956630193386847
Q31LH1	0.990447587174914	23	6.50005939427376	1.50243930743831
Q31LH0	0.248676443084919	25	13.4868311028583	1.09663362295431
Q31LG9	0.101622940477973	25	20.9874240863502	1.05274893041209
Q31LG8	0.965546672213886	25	9.87999413126043	1.07613626531535
Q31LG4	0.255237744668529	23	3.222001054508	1.07024646829112
Q31LG1	0.0612566344100005	25	22.9132372223225	1.14757178704761
Q31LF9	0.576986248085859	23	17.2972598406395	1.05360621033585
Q31LF8	0.999491368486282	25	16.951886658312	1.11127217407938
Q31LF7	0.0774724337028827	23.7454260324098	16.5297982104478	1.20712037475068
Q31LF4	0.12585842605293	25	18.0323837970604	1.03744621350755
Q31LF3	0.0514979166144872	25	22.4694149045506	1.06771825396409
Q31LF0	0.308873926522322	23	3.0055782577822	1.04656233667105
Q31LE9	0.999999896232884	23	1.1935795129155	1.04585898704073
Q31LE7	0.84446621852334	25	13.4338575361524	1.20103228171998
Q8VPV6	0.689585652033703	25	0.4325457063233	1.11508564419437
Q31LE4	0.581583488869744	25	19.304333439426	0.958298499353967
Q31LE3	0.0238683562787341	23	22.3583431736574	1.14723909406621
Q31LE1	0.0576650428823691	25	22.5564507485742	1.06710522821394
Q31LE0	0.930086220340876	23	15.257832251914	1.0491063835246
Q31LD9	0.408742646657509	25	23.0685009852068	1.08088473514633
Q31LD8	0.981994242321626	23.0700863382428	20.0779293047401	1.05520218437664
Q31LD6	0.746665941462287	25	16.0000279569555	1.10753452231539
Q31LD2	0.999611718502347	23	4.4999412613743	1.09364693052852
Q31LD0	0.0513666639896732	25	17.0731183604415	1.09219085065834
Q31LC8	0.385344398686708	25	21.9580797864743	1.09975859276572
Q31LC4	0.0502291586580726	25	21.516788437617	1.07621375168347
Q31LC1	0.66688494188283	25	19.3522128579525	1.18624794038614
Q31LC0	0.173795613518152	25	17.1377691455594	1.09945161085461
Q31LB8	0.120796555271781	25	22.1744550815995	1.05839157601242
Q31LB5	0.981948474110141	25	19.264271537168	1.05462894985658
P35086	0.110973083628939	23	3.8905589952567	0.981213362227975
Q31LB0	0.10251584674539	25	21.3630213180347	1.07542585435752
Q31LA8	1	25	10.8519723212156	1.03615303186684
Q31LA2	0.999192244786714	25	10.3042951627152	1.04698201256476
Q31LA0	0.472009702426064	25	21.9145845016006	1.08494673539734
Q31L97	0.121964049841473	25	20.4488194142671	1.04190752667888
Q31L95	0.53219476501239	25	16.7522407138768	1.0284043594356
Q31L94	0.998838658664495	25	18.9039197295195	1.09675189248397
Q31L93	0.367992598509417	25	21.7567706538637	1.0257687288734
Q31L92	0.119144983688793	24.1237387148168	2.4333866964074	1.10248115787059
Q31L91	0.0242473723961725	24.5673336938886	20.7275936216825	1.13769982643198
Q31L89	0.365033392924804	23	6.5000740729026	1.17294757193425
Q31L87	0.312665517469397	24.6473141616929	13.4377328200214	1.02196967142758
Q31L84	0.998341800981687	25	0.499921347066497	1.10856996763021
Q31L83	0.250002842909088	25	14.8928737296212	1.07916043324165
Q31L79	0.994824281669925	23	6.50005939427376	1.08272453672163
Q31L76	0.179854596339693	23	10.9715810444269	1.00685343988998
Q31L71	0.485707081123435	23	16.992019838476	1.0494675714262
Q31L59	0.244762322906452	25	21.7976465643945	1.06873544243887
Q31L56	0.527092781049893	25	13.051712980478	1.1097349681638
Q31L55	0.0353046871754641	23	3.2609363759361	1.08818122109483
Q31L52	0.0284903654289251	25	22.1321259878087	1.1535940801892
Q31L46	0.999862349396734	23	0.6087268325455	1.16261621559803
Q31L43	0.522421093774454	23	15.6006022486313	1.11414416794386
Q31L01	0.678432886150949	25	18.2095495956045	1.02183950776046
Q31L00	0.417113185572018	23	21.6285317486777	1.03903151065408
Q31KZ8	0.772060983839836	23	15.6453900082626	1.03559595489309
Q31KZ6	0.219737277536433	24.917718047175	15.6622363029458	1.08935906897065
Q31KZ1	0.0444193488571688	25	22.9348095584854	1.08449412903043
Q31KY6	0.999998646288638	23	12.7715939160499	1.11346847737513
Q31KY4	0.304902208432181	25	14.5681097959634	1.06246875178254
Q31KY3	0.999715864805431	25	0.499941261374303	1.29081500045737
Q31KY2	0.115170033487487	25	22.4801913092705	1.09841435916875
Q31KY1	0.999977022298308	23	6.50005939427376	1.09008119131291
Q31KX9	0.951551847815844	25	0.499941261374303	1.34328862547583
Q31KX8	0.652402103888161	25	1.0451491626525	1.1346487958844
Q31KX7	0.166677485491732	25	19.7687895987705	1.0972271349163
Q31KX5	0.365448102236868	25	21.7587576456063	1.0882625414601
Q31KX2	0.546867323375627	23	14.6010126685491	1.06711353423305
Q31KW8	0.0255484149382033	25	22.3859689445456	1.10497944991836
Q31KW1	0.154137762130656	24.3827160493827	19.0391444611539	1.04034405577596
Q31KV8	0.216574199818532	25	15.3066616135405	1.06729445322321
Q31KV7	0.696311749290366	25	16.9868078747224	1.10150408884133
Q31KV5	0.999999461922748	23	15.1912572281479	1.01926217216723
Q31KV2	0.259611747635096	25	0.499941261374303	1.0986040856156
Q31KU5	0.783078137156091	25	15.6557536030358	1.18008251087104
Q31KU4	0.0952578211277321	23	21.0032972383754	1.22431552447006
Q31KT6	0.409349907381141	25	19.2297528471802	1.06936450029394
Q31KT3	0.272504276351974	25	16.3917907246304	1.09702382333772
Q31KT2	0.0442421773862947	24.6740901683867	16.2785023875481	1.06739057818239
Q31KS8	0.706909237646885	23	18.1032221115751	1.01832631281622
Q31KR9	0.689936009319684	25	17.9770527952056	1.10648633002493
Q31KR6	0.175626461802738	25	20.4948366474585	1.12136770367359
Q31KR4	0.393392682341264	25	23.5031473081922	1.10215498778899
Q31KR3	0.13045979834131	23	15.2494934656775	1.06525625538278
Q31KR1	1	25	0.499941261374303	1.03856467505922
Q31KR0	0.873033943527173	23.7206266318538	18.4292051973028	1.03030911800963
Q31KQ9	0.431860075562573	25	0.0628845903332014	1.07541557250654
Q31KQ2	0.103263261066925	23	11.9659787566987	1.01714354999304
Q31KQ0	0.115721342130021	24.200852424081	22.0978365887933	1.06042803977907
Q31KP5	0.0872646152296788	23	16.4261678891151	1.07221155214173
Q31KP3	0.119258775981218	25	21.9746013512764	1.14296257295223
Q31KP2	0.0638775172132302	25	20.2521989708882	1.12352833692996
Q31KP0	0.00362039173844853	24.917718047175	21.9776528701469	1.13438192846702
Q31KN9	0.364803580093683	23	22.6301683492696	1.12142214387325
Q31KN8	0.500657728952699	25	19.1883171642711	1.14995940106788
Q31KN7	0.0394919312177991	24.5143011332974	17.8604733896976	1.01921435507768
Q31KN5	0.223826836180385	23	21.4928064562728	1.03229849945819
Q31KN4	0.0747819894778642	25	22.3057420329537	1.07694087889769
Q31KN2	0.999999994760823	25	16.449186328739	1.05661260468073
Q31KN1	0.0309716499254618	23.6219448777951	22.8646205405791	1.09418749578227
Q31KM9	0.418849716066249	25	17.1269574002257	1.04382029303472
Q31KM7	1	25	6.50005939427376	1.14773015286288
Q31KM6	0.692017939667458	25	16.9797300314691	1.09079795848616
Q31KM5	0.0975721152269681	25	0.1544421298861	1.10868090266747
Q31KM3	0.0943112385529503	25	21.2250875179008	1.08031635586709
Q31KM1	0.197860879691223	25	18.6046295654619	1.0997956738194
Q31KM0	0.206596691759138	24.5143011332974	16.4518208452055	1.08031521464459
Q31KL8	0.223437620853218	25	17.600486024479	1.09793573749281
Q31KL7	0.292746268666522	25	23.7169957390157	1.06988373218232
Q31KL6	0.48921167744186	23	3.0645489400266	1.0324650613543
Q31KK9	0.0514350033457095	25	21.7519847798433	1.09109061920317
Q31KK5	0.101845809867064	23	21.3003387033298	1.08815938521494
Q31KK4	0.0391386954441743	24.8631636562671	21.044153517414	1.09175893844091
Q31KK2	0.993187977795283	23	14.6588442815536	1.00844345422683
Q31KK1	0.999746677589414	23	14.7044184835972	1.03539366288612
Q31KJ9	0.199621838471936	23	0.646170046719099	1.14712576596353
Q31KJ7	0.463238311419907	23	19.9372713762944	1.09351608385756
Q31KJ4	0.9999999966863	25	1.635261120433	1.0774024363635
Q31KJ3	0.988300393206796	25	14.3786375967774	1.00661021123322
Q31KJ2	0.382344013971717	25	22.9980033250046	1.08075019676394
Q31KI9	0.890895276705238	23	20.0547333836372	1.02909645281825
Q31KI6	0.107339049154944	25	20.7507782335468	1.07397821986501
Q31KI2	0.258201066279916	23	22.8906661181146	1.04331237036932
Q31KI1	0.0660371249106213	23	22.77880353505	1.05183459186073
Q31KH8	0.307979140427504	25	23.0698058948546	1.1131081221072
Q31KH7	0.0965093799734459	23.8702049395691	16.814273654855	1.1158246897399
Q31KG4	0.999884635237442	23	6.50005939427376	1.05322486354214
Q31KG2	0.744623095086162	25	16.6240916154766	1.05236337343156
Q31KG0	0.966217380060919	23.1642019377868	22.6437170097564	1.12497775402779
Q31KF7	0.696298873297564	25	17.4558154073352	1.0687619993788
Q31KF5	0.0115372567551588	25	21.8069362113874	1.11151476934456
Q31KF4	0.153666505281879	25	22.3686928693349	1.0651290606325
Q31KE5	0.984821478462427	23	15.5813973081981	1.05771930866207
Q31KE3	0.661570560228106	25	23.4991598038665	1.05811337269819
Q31KE2	0.241500876218103	23	22.254161546126	1.05582321295575
Q31KE0	0.256436782276839	25	22.4029961430203	1.06111346413669
Q31KD8	0.122739962923423	25	17.0604960129746	1.04396261705273
Q31KD7	0.270011946813507	25	12.5665714408303	1.07394555844128
Q31KD6	0.356471263335668	25	18.190446982955	1.03900552243776
Q31KD4	0.999881792187945	23	6.50005939427376	1.12343881613311
Q31KD3	0.999980281867038	23	22.9604516484591	1.08354905353751
Q31KD0	0.654085049376083	23.3787956767885	17.1550547563521	1.03872923001018
Q31KC8	0.999862423927678	23	10.0137938025871	0.991821222966523
Q31KC4	0.196748401869439	23.2352941176471	21.5511731246585	1.17821944068506
Q31KC3	0.0400200037136446	24.7547683923706	24.2341910588751	1.02272876227719
Q31KC2	0.668387810011916	23	3.4252170521174	1.09809504171292
Q31KC0	0.190397537255824	25	17.3855060474637	1.0961876428135
Q31KB7	0.0178214932735457	25	20.9587498424257	1.07013985776661
Q31KB0	0.649775414325247	23.1878509443594	13.1056197757186	1.06519704824316
Q31KA6	0.999151598976609	25	14.9318947531656	1.06005823996084
Q31K87	0.841567929102697	23.5729112610275	17.8601258269238	1.04286327689498
Q31K82	0.00870932623854803	25	20.5522124498858	1.20708935839128
Q31K76	0.806858234268834	23	22.2307361238794	1.09875384903257
Q31K73	0.392605091527435	25	17.5689316968996	1.07134660375645
Q31K70	0.665351595983833	23.7702773417059	15.5769159800736	1.21110584266681
Q31K61	0.144201253088223	25	20.9486714505889	1.06078271815156
Q31K60	0.297163011810832	25	16.8190505233671	1.41171462560818
Q31K57	0.389106228983915	23	11.9180302337574	1.18531169135498
Q31K54	0.282677855906253	23	18.6018268012071	1.02887283629586
Q31K53	0.999999999999999	23	4.4999412613743	1.3316520402131
Q31K50	0.17893384882813	25	21.4382237597775	1.05416663975491
Q31K49	0.0155406659606429	23	3.2421477620769	1.15235410639632
Q31K47	0.547300616276221	23	3.6336013804243	0.935722216662027
Q31K46	0.421689892194217	25	17.5141214767572	1.00842614325495
Q31K45	0.997649098539047	25	17.5323272905262	1.16074970232323
Q31K44	0.997538806174292	25	15.721057863173	1.01409250397078
Q31K41	0.0903550268224474	23.9204844655082	1.9916653792363	1.03741772467797
Q31K34	0.95724746144002	25	15.3958561159487	1.09465818079514
Q31K32	0.1699104696638	23	16.5718733607626	1.09379910601331
Q31K31	0.997739787923411	25	6.50005939427376	1.41594589646924
Q54763	0.893166354728506	23	20.6552410486721	1.05934594624643
Q54762	0.556657554130633	25	12.8252261400728	1.01118145485734
Q31K23	0.0600442487658327	23	1.8671846745414	1.07272463690552
Q31K21	0.978249522866346	23	4.5561925476025	1.00368091364179
Q31K17	0.028295629632153	25	22.7757808790276	1.20810821771816
O33700	0.401632799666464	25	21.6789134294722	1.11134320417608
Q31K08	0.975299803052355	25	0.499941261374303	1.35041958554388
Q31K07	0.266069763313049	25	20.6496691528405	1.0816225586047
Q31K06	0.848303516562259	25	21.0165953846644	1.07190207652149
Q31K05	0.0804905295158049	25	22.4339741854893	1.06287290597918
Q31K01	0.86327567364481	23	18.6380135082128	1.05109309760099
Q31K00	0.358091237074821	25	22.8103125472985	1.08234739763926
Q31JZ3	0.989035521248037	25	12.6489948334039	1.05711224299522
Q31JZ2	0.116743017970695	25	20.8651748960667	1.06050474001109
Q31JY4	0.143042215144701	23	3.1766050192153	1.03411798937483
Q31JY2	0.414268403529354	23	21.9576639812783	1.06942889361102
Q31JY1	0.998969756111419	23	6.5789492537923	1.03645877577655
Q31JY0	0.999999987374664	23	12.9149116311812	1.06092552426575
Q31JX9	0.0625043843620411	25	20.2130789950576	1.08504561121915
Q31JX8	0.888999253244647	25	16.289601077819	0.991269863932169
Q31JX7	0.579860391398684	25	23.3272779568051	1.05288925987397
Q31JU4	0.431955151760169	23	3.5502605409851	1.03913951168852
Q8KUW1	0.934908854467602	25	17.6907574839688	1.03020261491699
Q31JT6	0.838589737785463	23	19.1537102895112	1.00837440188216
Q31JV0	0.777274972178001	23	12.9492280599517	1.13469534273818
Q8KUU6	0.520220893178975	25	16.3363287581227	1.12529511935885
Q8KUT3	0.0070782760381386	23.4028851107676	22.720760483306	1.12823370711746
Q31JS8	0.999831599517054	25	14.8659625209134	1.02562953161729
Q54766	0.023102643707538	24.6473141616929	22.0587865697092	1.07539609697259
Q54761	0.999999744321426	25	16.6132664805359	1.09924909639189
Q54755	0.360587012794817	23	19.4944759144345	1.06215350770266
Q54776	0.0151835715928772	25	22.0187295557013	1.12675802940484
Q31QV1	0.2311114957352	25	20.7236409838391	1.08306964708879
Q31NI7	0.90977987091638	23	16.146805770472	1.05173034662814
Q31LY2	0.0182852472316373	25	10.3663882070927	1.20759834299628
Q31L26	0.47699702778228	25	19.5068775998095	1.07989287922976
Q31QL9	0.0282980863024276	24.5143011332974	20.5068582837749	1.06070157068338
Q31PW3	0.754847036501555	24.4089199355185	14.1306239496862	1.07902816039315
Q31P96	0.736032810286543	23	22.041385211812	1.11203386232871
O50209	0.0782486872544798	25	22.1217117652585	1.08517471364606
Q6V1L5	0.0380348237191179	23	22.797226504127	1.07798691401081
Q31NA6	0.264140832781683	23	21.8283960291304	1.0903650327149
Q935Y4	0.0788708998693892	25	18.5457787151317	1.05708501547933
Q31SC8	0.282345166302994	23	22.4245385456869	1.03678666900653
Q8GIS1	0.400459416714323	23	16.5253404667006	1.07762898183351
Q31LZ3	0.0524909110101027	25	22.1249640322114	1.08864589195951
Q8KPU9	0.261391342469745	23	0.0351913166681008	1.05153496981357
Q31RQ5	0.281694493791187	25	19.6792881005038	1.08073808995767
Q31QW2	0.328029603302258	25	19.6141417484217	1.05297421905081
Q31RS5	0.863881708109203	25	9.26508987564242	1.11320854259467
Q31Q07	0.10394443818851	25	16.9449506256201	1.0820141873377
Q31NM6	0.548917528751684	23	15.4662847519177	1.07591194348035
Q31RF1	0.0221596303721019	25	21.0935327726385	1.07079714393804
Q31RF6	0.746649459608293	23	22.4146037170274	1.32681042678419
P0A2Z8	0.0619776451352747	25	22.875068431408	1.09823498952744
Q31KS4	0.0242769627968248	25	22.9868781073051	1.12343476550485
Q31RF5	0.388007271272653	25	12.3474375795341	1.1905277643979
Q31RF3	0.105834224971324	24.7817785051828	15.0433956556129	1.100025943998
Q31RF0	0.639796058342042	25	12.9900616151119	1.0831335259055
Q31RF4	0.280168887282555	23.9963021658743	17.5265374848187	1.07450500992891
Q31RF2	0.177825094153368	25	21.5477967317341	1.048680380986
Q31LB7	0.999999879839715	25	22.3278527392079	1.08392360653505
Q31QC6	0.969408147774465	23	6.50005939427376	1.06353695716513
Q8VW88	0.0138020123053895	25	22.3158113183883	1.10627830875137
Q31NB3	0.999997878456352	23	6.50005939427376	1.13680756728249
Q03511	0.962388333015235	25	17.399977392296	1.04974747732616
Q03512	0.12129753463077	23	3.1553207197828	1.10349000215886
Q03513	0.121562533748918	25	20.4236882259173	1.05073155277874
P46205	0.999892621659463	23	4.4999412613743	1.07602763451149
Q31QX6	0.999999501065072	24.8359759431383	6.50005939427376	1.33107216510124
Q31RG5	0.347926960184266	25	10.2198329760979	1.29389455703093
Q79PF9	0.0764495895173531	23	3.0429262419467	1.09072262168944
Q8GJN0	0.0919932890993787	24.0726020137785	14.2569588132384	1.1393485553636
O07345	0.0584584741055807	25	17.4268010012329	1.06042645430179
P54208	0.088142643587251	23	15.3276276259171	1.18636468192655
Q8VPV3	0.999998683471522	23	16.801190724238	1.04090135587727
Q8VPV7	0.828707424383364	23	14.967459825532	1.07622882881385
Q9KHI5	0.118492967505388	25	22.1692237136354	1.14742830026233
P53533	0.053572232866111	25	20.9971923795636	1.07258263230788
O34209	0.837968294358907	25	17.2716652036127	1.02832816883613
P54415	0.0425529055851018	25	23.3539823963355	1.10833218771958
O34125	0.0442955831541859	25	22.6841669874863	1.13235794085758
Q9L4P3	0.0985533754598206	25	23.141011729798	1.06236747492995
Q9L4P4	0.417858400026067	25	22.3321402313697	0.990111814830088
Q31QE7	0.31674953528307	25	16.7273282651755	1.09499245330046
O34126	0.334881394126774	23	12.5544122754327	1.04443931133816
Q55106	0.708400753780333	25	13.487868989619	1.12158402627943
Q55107	0.997531017282973	25	10.224746557234	1.05211083463012
Q55108	0.975269437890279	25	9.4713155425616	1.07603429497892
Q9F1R2	0.129640732557999	25	21.1192467237593	1.09402204671809
Q55235	0.042945685617458	25	23.3904542183436	1.09961047794555
Q31RL4	0.732677355333274	25	19.5657413211431	1.0180586489882
Q31M81	0.720093543305183	25	0.499941261374303	2.52986254635355
P42451	0.982113749519047	24.917718047175	24.3226685143391	1.08198164071459
Q6BBK3	0.128590622096295	25	21.4824429184252	1.07291621481332
P13530	0.101357276747056	25	20.3602394245259	1.04784339591732
P06539	0.0585514566062875	25	22.4670096062609	1.05462890493905
Q44115	0.170005967491985	25	23.3832162838567	1.11463566889613
Q44116	0.0902815839282602	25	22.1225989915544	1.10123852318006
Q31RX6	0.182443910321665	25	22.0759502615534	1.07936835478719
Q31P22	0.375205426038774	25	22.5661721734163	1.05265105534107
Q31LK8	0.102736989143677	25	22.8547122927036	1.0728499888714
Q31Q65	0.433817529369852	23	0.687301001832399	1.03480780266446
Q31Q37	0.224933627048193	25	22.1161914198212	1.09761548549918
Q55276	0.273737106665318	25	22.2644626134183	1.0696312217625
O05347	0.955275727493645	25	9.7442736776393	1.16547985569532
Q59948	0.192033564429765	25	14.6032576808238	1.07839866501082
P14788	0.54256516500714	25	18.0206547287589	1.10428113875958
Q31PQ0	0.228636002096081	25	22.1105646519302	1.10486899074663
Q55309	0.0484039228996567	23	0.530775257228399	1.210244728135
Q31MM7	0.0781499027289257	24.8359759431383	21.3805310967448	1.06175016300873
Q31M42	0.304820658403985	23	21.2315761888878	1.03532958538008
Q31LA3	0.107088724068605	24.8631636562671	20.0010145688089	1.06326824723452
Q31LW2	0.0899218586742974	25	22.9423528646773	1.12059284416123
Q31PY6	0.351052315182726	23	18.6393142912725	1.04068991542567
Q31KL4	0.342141146932958	25	6.50007812368661	1.09876594170341
Q31KP9	0.0590453825054859	25	17.2381143600036	1.0671299781836
Q8KPV3	0.0543717584107964	25	22.7270811071171	1.12859060393041
Q31P89	0.154941712546925	25	21.3410321027742	0.999339951876782
P50026	0.999999999995748	23.5729112610275	6.50005203169206	1.06230486041822
Q31LG5	0.286006390061192	25	15.7595536958522	1.07133362847785
P50020	0.491798419503314	23.6958789775691	16.682487693144	1.05364270734521
P50021	0.128795501422471	25	17.9013863625239	1.06396219387574
P50022	0.581194406651016	25	16.6397990930449	1.03015261434189
P52023	0.01818501188761	25	22.2968744465082	1.12033284886339
Q8GAA2	0.998301139879959	25	19.9092543925579	1.05143286754978
Q55024	0.82528744504073	25	16.6663962760066	1.16908343653659
Q31N26	0.854062834360733	23	15.6470422033333	1.0384798572867
Q8GAA0	0.114677944857178	23	20.0087910404888	1.09715482316745
Q54760	0.50425987038544	23	22.2670476118956	1.0072357790536
Q31QJ8	0.0139799537800587	25	22.0726562335524	1.09078630783063
Q31RX7	0.480213041321557	25	18.1860044840834	1.06877466183621
Q31N84	0.998714184115693	23	21.4823575329954	1.14939698374323
Q59943	0.415998118548044	23	15.4709043948298	1.10514744925132
Q55311	0.287267964581007	25	15.4760439647222	1.06023089246705
Q31LC9	0.131315023711574	25	16.3785677015124	1.08388742853854
Q31LV6	0.914253816877899	25	15.3234187657285	1.02979721637572
Q31Q60	0.109889723172117	23	0.567769262954499	1.08880400237799
Q54769	0.259511751523667	25	19.3199239953179	1.09970568914384
Q31QY0	0.670200732846306	25	22.4318893377026	1.05119851288828
Q31RJ0	0.0790312669645263	23.6219448777951	17.1625436210581	1.06691677285884
Q31PP7	0.0678903797633597	25	15.8539909709178	1.08961483679009
Q31PJ1	0.999999991115968	23	17.9290731506671	1.04654121406652
Q31NM5	0.0433681018430688	23.2115482881962	16.2576709229851	1.08882369186501
O85785	0.0607608916248702	25	23.1835555733585	1.10164633780762
Q55244	0.645644130899308	25	12.5660408142301	1.02734396262841
Q31PV4	0.870234609622688	23	15.28716330588	1.05679547997546
Q9R6W2	0.513948562251491	25	12.1473651903288	1.06472383754134
Q31LC2	0.685523486637267	23	1.1855873233662	1.08179742915509
Q31S19	0.018454283212317	25	19.3686185254366	1.05951641048322
Q31KR7	0.0527930424565545	25	23.2275198354658	1.08932290236253
Q31LJ3	0.281804717574933	25	0.8939324549942	1.11385893418234
Q31LJ2	0.895167909298497	25	17.9842017574691	1.08316249128578
Q31KT1	0.631981053413571	25	16.9372324759907	1.07879555106187
Q935Y7	0.659484157866881	25	17.5899601143243	1.07744741329884
P16954	0.269823213678558	25	15.0733093565054	1.06969614671871
Q31QN4	0.976149396795876	25	6.50005939427376	1.07624387445346
Q31LA7	0.403297985224258	24.8904109589041	1.1941602482191	1.11230785847523
Q31RJ9	0.999652572201471	23	22.2709679254177	1.02212543018302
P0A3F4	0.0588046348985136	25	22.9436265754055	1.09040434227124
Q31ND6	0.999971332376153	25	16.5328933181446	1.02844034524053
Q8L1E5	0.077236321818011	25	18.4241903613115	1.10948648094052
Q31RK5	0.109176950150272	23	21.868828469098	1.06119024794971
Q31KD2	0.440575138151769	24.945085118067	17.7198002237735	1.05557034353904
Q31SB9	0.999856277258398	23	6.50005939427376	1.10008736956649
Q8KPQ7	0.214731982185367	25	22.8249473086378	1.08767062237501
P21577	0.800888489965168	23	17.3577727926724	1.05546034126885
Q31R18	0.494246100933404	23	0.630682054549499	0.998468388525677
Q935Z2	0.0329059136909585	25	20.8082867956827	1.08026825558423
P22879	0.0210330128699568	25	22.6297788614025	1.11350234538243
Q31QF2	0.0327289255379999	25	22.7531849508135	1.12619750775758
P22880	0.0414131709055116	25	22.4795634681644	1.10884758527004
Q59984	0.0264264313238882	25	22.5459038928487	1.13434766134027
O32463	0.279635695942673	24.435180204411	18.3941799808435	1.03287006801368
Q31RN3	0.277191633858418	24.1750931346461	17.0291265037801	1.05126267971742
Q31QY3	0.306305008464473	23	17.4048276548668	1.08969196347394
P43087	0.321582277923571	25	13.6452152535326	1.05345791621561
Q31PM2	0.133953741073877	25	21.7129008790455	1.08964980417016
P42452	0.0863107371154882	25	22.088660525269	1.10012306759927
P16891	0.6933018666797	25	17.5550430970071	1.05068733084636
Q31QG3	0.946149524845328	23	3.1768674869234	1.03355597229985
Q31S00	0.215874757211393	23.1406011207336	16.6534848530914	1.09561622547776
Q31QJ2	0.0596962628863317	23.5484707102125	21.4414509883869	1.08322441676113
Q31KE1	0.897016287685008	23	19.8331708504209	1.10638069606313
Q8GJM0	0.235740786233267	25	21.2289430727748	1.0864449833062
Q31PF9	0.118412023436595	23	0.3258900566539	1.04007038764932
Q31N20	0.0617521185800484	25	20.1124868690185	1.0374168069219
Q31LF2	0.999990316013481	25	9.1552762573716	1.15291611926908
Q31Q54	0.105003706525251	25	22.6152589363678	1.09882806631691
Q31N58	0.0259239773369696	23.6219448777951	23.2156793827472	1.22194363071288
Q31KX6	0.576544931604422	23	22.2157668711955	1.08164985444548
Q55267	0.335444450688726	23	21.3737686976863	1.0642686567878
Q31QS8	0.235001595562029	24.8904109589041	20.2546641674586	0.973909968219834
P27134	0.530436414806058	23	21.9148079315835	1.09302864353671
Q31L64	0.346685068913468	25	19.6933297604462	1.03928490139172
Q31KF2	0.999999999995268	25	6.50005939427376	1.17942548639704
Q31MY7	0.110728000872946	25	19.8909694195121	1.05519273195754
Q31QL1	0.886128962072606	23	15.4383176637948	1.06001150258191
Q31LL9	0.0354322064030688	25	18.3926178640761	1.07902220018181
Q31S72	0.0561055620279777	25	17.804417668924	1.06429252678023
P10340	0.878730796997779	23	0.239993049550201	1.0282520483817
Q31QF6	0.67681935053663	25	23.5823442856006	1.07968575175198
Q31RH7	0.343167764244025	25	22.3696605752496	1.0686978163281
Q31P19	0.426209375239121	23	22.3411870915804	1.04199535711062
Q31QC4	0.0614866720807555	25	21.9307076492404	1.07879090913494
Q31S64	0.34168854941915	25	21.843498668205	1.09867882652114
Q79PF6	0.0880425811897544	25	19.9831396989923	1.00887178180124
Q79PF5	0.162748559085089	25	23.0106956894836	1.05753514203108
Q79PF4	0.107385925035811	23.0466768138001	16.1369433299669	1.06889135445155
Q31MN3	0.345472432631125	25	14.5044057325202	1.05695224897036
Q31MM0	0.182991401302864	25	18.245878316709	1.06203695291599
Q31KV0	0.0120207278081548	24.8359759431383	21.2526854093122	1.06124214861363
Q31KU9	0.210257848425428	25	22.3044162264242	1.08744803520018
Q31LZ8	0.0717337781387111	25	23.2237964340295	1.08792000391806
Q31R08	0.286595888274616	23.8201363398007	18.3136348374172	1.07926020599193
Q31NC9	0.00492030345750682	25	21.881626260573	1.12126411290658
Q31N34	0.169476164178994	23	3.1845955562405	1.1060524290648
Q31LZ1	0.843924974958686	25	11.1758453659043	1.07626015746062
Q31LW9	0.494732622671502	25	14.5975561814006	1.0595576366583
Q31RL0	0.358601497366352	25	17.7255294539466	1.00391493607718
Q31QU5	0.101255890996858	24.8631636562671	16.778240529018	1.1203077249659
Q31PR0	0.200181741490317	25	21.2761583553274	1.12980415185177
Q31N90	0.16176906921255	25	21.8292557093916	1.03169661602703
Q31RM5	0.0716380196766156	24.4089199355185	21.0329444035744	1.06187376800947
Q31KH4	0.25661424790402	23	22.1283764189862	1.09189997160841
Q31RB6	0.499457712771182	23	0.644955656203301	1.08611504299814
Q31KC6	0.0298310231639088	25	22.4170372968263	1.12609618127201
Q31PU2	0.209689415462471	25	17.4603265294491	1.0702386689986
Q31N30	0.263882816883532	25	18.096574961939	1.06494942386743
Q8KPU2	0.826174443076726	23	12.1474619288908	1.04710817706255
Q31KG6	0.45507641713484	25	16.2704121163555	1.08754626515756
Q56208	0.900186864422992	23	17.1268897717944	1.08776142833624
Q56207	0.999975082967305	25	24.1295434171892	1.09457636187381
Q31LP8	0.524104453884891	25	15.7086070303758	0.964094554874809
Q31KF3	0.586870799532308	25	17.3233896606864	1.07665746842304
Q31L49	0.163413520055955	23	3.0198073220377	1.07545928503639
Q31LP7	0.0843376233709862	25	22.3216264025185	1.12396899551292
Q31LP6	0.999936756154994	25	22.5531547311018	1.17227290305369
Q31LP5	0.435477063547153	23	22.3484783601015	1.1339137944851
Q31QM9	0.323730366690557	25	20.2155411209915	1.08035829117552
Q31MM2	0.57932912444829	23	3.1913791006517	1.02277707516274
Q31N55	0.0638765516749543	25	23.1572600337365	1.09632297835397
Q31KS7	0.797380306570006	25	15.0094403864219	1.01772140396587
O33701	0.114685963547865	23.306824012314	20.7942842560942	1.0817396410456
O05161	0.0622601808047971	25	22.5006253217908	1.11950807548011
Q31KZ2	0.871574130487747	23	14.4576339881361	1.09752589655506
Q31QM6	0.999989036766866	23	6.50005939427376	1.04204295597237
Q9L790	0.0573802060620238	25	21.7971814227372	1.07281113869535
Q31KC5	0.0766847885413614	25	23.1302749850374	1.05751688595752
P39458	0.50408179959805	24.6740901683867	16.435586302135	1.24069161421551
Q9Z3G5	0.183591637843426	25	22.6771647415144	1.10672967668192
O68523	0.999910589560851	23	12.4823546165662	1.07027523883798
Q8RQ68	0.994503798957723	23	21.0852351344415	1.08383629657254
Q31NJ6	0.385937046448189	23	14.3397275774515	1.21729352519106
Q31LR3	0.668354797100382	25	16.4228094417454	1.20031928619398
Q31ME6	0.997983026881795	23	6.50007445671186	1.05114389573449
Q31NJ5	0.0763241693603267	25	22.4201359890532	1.07136384208555
Q31P07	0.0778630626690497	25	23.2495463268347	1.16951826672237
Q31P08	0.645647932363085	24.6205962059621	18.7292962641957	1.03730426677677
Q31LQ7	0.0580797992184395	25	22.2595229531939	1.13686302365616
Q31L05	0.100822148511385	24.1493886230728	22.6630707537971	1.0817476656437
Q8GIT3	0.0425908360373118	23	2.4569759962588	1.09869722370414
P50590	0.119085221889025	25	22.3551072972242	1.06631683438161
Q8L1E4	0.993974366788327	25	6.50005939427376	1.71813658108017
P39661	0.966568002898124	25	15.3962686566485	1.05325975920359
P38045	0.855514513423345	25	14.5378289900821	1.07470221410554
P29283	0.232462921942174	25	17.6857892741608	1.0822148976117
Q8GIR7	0.0708018273292469	25	22.6065311227573	1.09974413296075
Q31PN0	0.675866726493093	25	16.9071288619129	1.10981130482123
Q54709	0.999997252814656	23	19.7143594786909	1.08671596507596
Q31KK8	0.999999998989921	25	7.43375139531272	1.20959577945148
Q31P38	0.391236368426979	25	20.9097037661849	1.07442788682666
Q8KUU9	0.567923293241459	23	6.50005636074984	1.08896404322337
Q8KPS9	0.249459921844972	23	3.4465545714892	1.04315915698581
P26294	0.998638093627831	25	2.4095051530366	1.0916693195649
Q8KPR0	0.120606243288786	25	21.2920312776275	1.12029639179864
O06865	0.0126069862543279	25	21.5801876662987	1.08464559537622
Q31NV8	0.104221510977597	23.2590885816692	17.4837947905166	1.0822584133612
Q54711	0.089869255544225	23	14.8503989083068	1.26716100258849
Q31NV7	0.99964838693042	23	13.1041257189093	1.10825930126203
Q54710	0.260332062708112	23	15.8555287838817	1.12916818922038
P55020	0.107642940214034	25	21.8642768306106	1.07179907645452
P0A3D2	0.795452362058934	23	3.0985659591838	1.03987092306766
P25935	0.537029661244285	25	17.3029493954609	1.01478133970457
Q31RP8	0.288537525837949	25	18.0510607412746	0.977677662895577
Q31QP5	0.982834707176271	25	15.0334355140729	1.15880855608055
Q31LL0	0.809259546991832	25	6.50005939427376	1.07467887400107
Q31P73	0.0148517131638576	25	22.0613311218178	1.11297021259498
Q31LH5	0.148219104186693	25	18.377924340805	1.09037034109241
P74764	0.995653219462387	23	16.15296106229	1.06351116753019
Q31N85	0.190105997157729	25	15.475093417732	1.08023612430516
Q31KE9	0.0406816726156554	25	18.1766107488956	1.06654438452884
Q31NF6	0.198507231167274	23	22.8893289610865	1.07411145298634
Q31KY7	0.917177062614768	23	15.2246276503841	1.1031273536384
Q31M24	0.273118587995018	23	21.6906868700058	1.0545703326911
Q31KT5	0.811548212296167	25	14.8759718276789	1.02223501203062
Q31L36	0.00733655701997549	25	20.3411383632049	1.08898481518558
Q31KM4	0.609922059893103	25	17.1017047531557	1.04154202261679
Q31N39	0.940259269295096	24.435180204411	3.4026296859574	1.04363431952943
Q31KX4	0.350556140767305	25	19.7328510119617	1.05886690293804
Q31L42	0.597322563071078	23	21.3398811391579	1.17835264049846
Q31LT0	0.832445876124758	25	6.50005939427376	1.11651681449664
Q59988	0.0502204749406701	25	23.1632934525528	1.06393524845255
Q31LJ0	0.546084783110008	25	13.3088356613165	1.1766999593542
Q31LJ1	0.602336801224653	25	14.5394259566377	1.14014012898714
Q31QV2	0.999500852945329	23	4.2711003610696	1.06201977674708
Q31NL7	0.144169399314776	23	2.3988410804939	1.07042196283753
P95822	0.0780302464061974	23	15.9021745519994	1.09212402524857
Q31ML0	0.0895032585149361	25	21.2631380031834	1.08000202825686
P04996	0.936907185380093	25	13.4188382306821	1.22145819793774
P31094	0.131838261847536	23.4270242392986	18.2940421649365	1.06188876263636
P11004	0.116911939726337	23	16.4903398142674	1.11885434377647
P11005	0.0700206866674657	23	15.3329245426776	1.13005967096027
Q8KPP3	0.451105864297314	23	15.3985571263878	1.10221626593934
Q31RR2	0.190860630810713	24.0981432360743	15.9198086367331	1.14986671509988
Q8KPP1	0.982347831755514	23	14.8650830422426	1.28890760449628
P11472	0.12514154995466	24.252536038441	17.956156083242	1.06157375078723
Q31M07	0.182078264933053	25	22.3227460311501	1.06944383849695
Q31LM9	0.307715873075892	23	21.1992159701143	1.04319421685023
Q8GIS4	0.529650804403087	24.9725123694338	19.4833486244703	1.26838412298709
Q31LS7	0.960682114595754	23	14.9565125656217	1.19425179102414
Q31KE8	0.474703805380411	23	14.4392970008649	1.06063252205095
Q31RR0	0.999999994190319	25	6.50005939427376	1.07037400321165
Q8GMR3	0.0426669879842889	25	23.062546112363	1.09020399146279
Q31KI0	0.63272136602352	23.4754521963824	19.7837579586283	1.05585119880576
Q31PR2	0.0872661376069027	23	21.7657866193887	1.06690860277066
Q55038	0.0944852172679739	23	3.3671138230015	1.06776968611713
Q31R91	0.0749729362903694	25	22.0635028004765	1.07890621051757
Q54975	0.999749681354061	25	17.5676645732229	1.12317111263289
Q55041	0.999999999810721	23	3.1581605735202	1.05891615464795
Q31PY7	0.995292536740356	23	22.8473810641589	1.07754153137074
Q31Q18	0.801866263061598	25	21.9545620283795	1.07994964588595
Q31QP9	0.202011725295452	24.945085118067	16.1693117455781	1.05253523989718
Q31QG7	0.999902100554658	25	19.6807021267449	1.05480035469871
Q31RJ7	0.889263368046796	23	15.4348033015069	1.05346528813238
Q31JZ7	0.999999999999664	23	22.2077184870891	1.05262711705633
Q31K20	0.237337774470726	23	0.2820218933756	1.06074536537082
Q54775	0.863473185201948	25	13.7128659145916	1.04347950586516
Q31QY1	0.0123493140869009	23.7454260324098	23.0561027849032	1.0803757722239
Q31NM0	0.471320545453554	25	21.1102618048835	1.06771074001356
Q31KP1	0.141088676648006	25	23.4631518777449	1.07149622254463
Q99QJ5	0.953846926814079	23	1.9683847753779	1.03875193688635
Q31RD2	0.0317869096797957	25	20.061688468649	1.13200328993139
Q31RD9	0.0164084085028738	25	17.4566970329542	1.09014192016821
Q31NH0	0.962179482275466	25	23.4479259434838	1.16639957816941
P27477	0.448293450956786	23	17.3090696753879	0.999406949662291
Q31KZ5	0.0738272185510814	23	21.7048118691076	1.05158344062396
Q31KY0	0.0960712129832854	24.2266666666667	22.9120300516635	1.08321599243561
Q935Y2	0.957880440870678	25	17.4384180125693	1.03572023869495
Q31LL6	0.0313201180475227	25	19.4065619724237	1.16011380872858
Q31MP4	0.999730573563018	25	7.84640409357409	1.21523565758524
Q31LM8	0.988959168376675	23	0.817476984234101	1.17225028883423
P29820	0.102709403290096	25	21.1866485329182	1.12740854715624
Q31PB6	0.195074429751533	25	23.1425512452769	1.06450934713738
Q31QQ3	0.135221810326052	23	21.9877603198635	1.10699665588734
Q31QK4	0.138024979796263	25	20.4882289530079	1.0527148538621
Q31L10	0.142395091202312	25	18.0174752913856	1.07643473615847
Q31L07	0.109331433315179	25	16.6937366793392	1.05843858791355
Q31L08	0.0946956603179923	25	15.5973877357414	1.07622113293923
Q31L19	0.130584935510262	25	15.8959349673756	1.07578767517517
Q31L21	0.0235487665591104	25	20.1276691893071	1.06651508419712
Q31K30	0.185664959243191	23	22.3568348780738	1.06013550198711
Q31QK5	0.144629984234078	25	15.3473814548458	1.06599498036849
Q31QK3	0.191528441163325	25	20.965043830466	1.01943403744671
Q31QK6	0.33236017458735	25	15.6870502333556	1.09280571830462
Q31L33	0.429838793429226	25	14.9126724933398	1.03915140448664
Q31L17	0.106932747938383	25	18.50107731404	1.05299968884441
P31160	0.983311972320339	23	22.0674880757814	1.04263648874134
Q31L31	0.36048207023828	25	16.1032183902822	1.04598133172425
Q31L22	0.423458268686205	25	15.0983089423869	1.09111753588378
Q31K48	0.479182491462178	25	14.9646327579327	1.06407869401758
Q31NR2	0.169344720110746	25	18.4937840604527	1.09903712921007
Q9Z3H5	0.364823593494836	25	15.0278886576749	1.08321859508334
Q31L12	0.599080575258631	25	13.8328403407392	1.09861274375036
Q31L09	0.295645163483191	25	19.1838008576797	1.0771156860988
Q31L18	0.0310704762676761	25	19.3487416631939	1.15028138772579
Q9Z3H6	0.203148782950932	25	19.4844323708335	1.08523618375144
Q31S95	0.545931402091608	25	15.9819314282683	1.08962183239936
Q31L15	0.778651417489801	25	17.7208047359081	1.10090271853626
Q31L35	0.0460732447756833	25	22.7612248135524	1.1027748181948
Q31PJ2	0.0736578197942853	25	17.0687446980648	1.05892344961466
Q31NR1	0.0811440015918744	23	21.9265998852116	1.18309505114948
Q31L30	0.0552516677050867	25	22.156092411891	1.10841940668729
Q31N17	0.502931211089001	25	14.9765919346118	1.06122135951335
P42079	0.543167624248459	25	15.3017316333933	1.08717327609881
Q31N15	0.424168452172814	25	15.4318766471646	1.07304859694405
P38023	0.999990137664117	25	23.3613159503098	1.01635369965825
Q31ME3	0.0033216356314415	24.3565683646113	20.8496880377303	1.33118292222801
Q31MH9	0.073611577979959	25	21.9959954213617	1.10093105704731
O33698	0.0307197411305296	25	23.1255476208883	1.09359377683898
Q31K59	0.944569827572159	23	18.212389758044	1.05159711987771
Q31L13	0.0779972274247087	25	16.1074651830323	1.07342298088255
Q31N52	0.188027332953407	25	16.3576250079211	1.10070872315956
Q31L23	0.0451871008633625	25	18.3438042996842	1.10324092385175
Q31SC5	0.0653371023095344	25	22.3301254024754	1.11951335590933
Q31PV3	0.0906868796812367	24.8359759431383	17.5653434215893	1.06198012124313
Q31L20	0.0751884351319015	25	17.6815598134166	1.07957480740338
Q31L34	0.316138052357554	24.3304767005892	20.4277732532103	1.04924349331579
Q31PV6	0.191518574228261	25	22.2515084251563	1.07843068667272
Q31L29	0.032757800677749	25	17.2848472558656	1.07562734900516
P63200	0.807551112357085	23	14.4945804388909	1.08543445637625
Q31L28	0.0839228162113671	25	16.9367480961856	1.0796067364848
Q31KU0	0.862541897677225	23	21.7233012417951	1.0272236879305
Q31MB7	0.216964236697243	25	15.8915305882511	1.08047290917073
Q31L16	0.0391703386678298	25	20.9196060555256	1.08655430686384
Q31P66	0.213687278584182	24.3304767005892	18.3291303547265	1.03108397912854
Q31L11	0.928793748544265	23.0466768138001	18.2532884704395	1.12884584342336
Q31N19	0.510864581534588	25	16.3471782152986	1.13739703786261
Q31MB5	0.999441799463353	23	11.1527346399569	1.15960796374899
Q31RH6	0.76122341543983	25	15.1592902454045	1.29657274936793
Q31RM0	0.954961267986909	23	3.4600000336717	0.998944306051782
Q31RW3	0.356436144192285	25	20.8662431222231	1.13403565816588
Q8KPP5	0.752669273296217	24.6740901683867	21.31324697145	1.00735364973951
Q06904	0.822309887899933	25	11.091851167885	1.15779574335935
Q31RJ2	0.459533230498784	23.3787956767885	22.4242577769429	1.05217194261464
P27366	0.205881065011759	25	15.5675860980654	1.04680019086433
Q55357	0.386883387287453	25	15.6571009114585	1.06419401487941
Q31RZ5	0.0919947663987349	23.9709762532982	18.6524981582948	1.05038993933095
Q31RZ6	0.0560718027910649	24.7817785051828	14.8050581150205	1.07421518524921
P0A4H0	0.199499065188853	23	17.0613202032009	1.01324562979919
Q8GMT3	0.999999644405183	25	15.2772486638793	1.02372273089753
Q79AV0	0.536802066683606	25	17.2016702989649	1.06792203703605
Q8GAA4	0.0407722607974642	23	12.1627066240112	0.959723657574978
Q8GMR4	0.441951773006717	23	5.5450161483045	0.991031953562422
Q8GMQ4	0.0739991048952864	25	21.4497467156381	1.06904364952704
Q8GMQ3	0.607487240798241	25	23.3183966605798	1.12003345025607
Q8GMQ5	0.75699025631174	23	18.591523937499	1.09895524470547
Q8GMR7	0.63240790271884	23	15.7410650506772	1.07439218205233
P30008	0.56682764916085	25	16.3905195362647	1.09505347085839
Q31LJ4	0.915014405119268	25	14.8544578224942	1.05428160424205
P30331	0.999967279275705	23	15.1182336742554	0.986584798254058
P18655	0.102821511550483	25	22.0974890201253	1.09811341750794
Q31PF2	0.999999761839658	25	6.50005939427376	1.15499047432079
Q31QK9	0.184778349130622	23	22.153503321833	1.08368461736247
Q31KZ0	0.662164043887559	23	4.169635294753	1.07258136507363
P39663	0.771141789772074	25	21.1468987514852	1.07535834465144
P39665	0.932967296952947	23	4.4999412613743	1.05045221811427
Q54734	0.99992941171039	25	12.8678964833332	1.03826261860439
Q31LH6	0.814681006552284	25	23.5044047568805	1.11286329787124
Q31KU2	0.209678571159137	23	20.8492480742081	1.07186720326662
Q31RR1	0.471078904662898	23	17.2436975432138	1.06975652159995
Q8GAA6	0.0177175070490002	25	19.4700877212151	1.14236273416809
Q31MY4	0.033335446642789	25	21.7876636384118	1.06410488847819
Q31P93	0.0141736706097815	23.9457037427517	18.7523940713968	1.18920096097293
Q31QR1	0.146658213722836	23.9204844655082	2.3877256826547	1.10779210490724
Q54757	0.995203229865811	25	16.5166701534024	1.28328916286956
Q31N99	0.456503183035593	23	2.2168227847106	1.06926818898593
Q31JY3	0.999935996655239	24.7278170930866	6.50005939427376	1.10318987353611
Q935Z3	0.109173388927945	25	22.25580696959	1.07724998403413
Q31P51	0.99999999880003	25	10.5347766734459	1.11779103498406
Q31S44	0.0591193938774888	25	23.0478167891976	1.06406237428413
P34185	0.0534624865063537	23.7454260324098	16.6345109448581	1.05844063676734
Q31NS8	0.14585828561865	25	21.7115860951613	1.09913100737856
Q7X4K8	0.110580339669793	23	3.2206410157609	1.06091574737489
Q31L04	0.999999965880003	23.6465382613222	19.1251076721965	1.12927959968498
Q31NM4	0.999609809746539	24.2784607161945	21.5151561013512	1.09389913781781
Q31R76	0.26548418101179	25	22.7428845627706	1.08667405593681
Q31L96	0.020383645819706	25	17.8024402465826	1.07095866016793
Q8KPR4	0.326676582577487	25	18.0724551028843	1.03151752419156
Q31LB6	0.02320762634106	25	21.4260420058027	1.11814953937058
Q31R79	0.154867298578515	25	19.49321323411	1.06467850570206
Q8KIY0	0.227607910748211	25	19.4040714212178	1.14604567969025
Q9ALA7	0.568607951290666	25	1.9415086693392	1.10630852971423
P12243	0.115473264669941	25	20.7911398860283	1.08508209738956
Q31K58	0.157086877251481	25	18.7353494797098	1.05291599413574
P33171	0.0195388783553461	25	22.444517880148	1.11202900451186
P35088	0.0489859203578187	25	19.0566495294716	1.06736759959774
Q31K19	0.151986777621359	25	16.7537107891998	1.03761647462383
Q31MH4	0.0353286128493642	25	22.2288719889229	1.12057418375608
Q31QS4	0.600256605082763	23	18.3227249206796	1.05847081205891
Q31QQ0	0.748814880355608	23	16.7362156504978	1.02545374849159
Q31RB9	0.996323882812601	25	16.5271772543522	1.08716056649797
Q31KR8	0.953253535845646	25	12.2490778141783	1.0784466234659
Q31QI3	0.867510396047109	25	17.5348909081633	1.0205443600738
Q31N27	0.998271419394391	23	22.8389834311836	1.10857753858284
P29686	0.594671869907405	24.2266666666667	15.5542353652128	1.06324907766416
